0.26306 0.78100 0.94057 1.01052 
0.82868 0.88283 0.92202 0.95494 
0.92832 0.96429 0.99496 1.02177 
0.91010 0.93976 0.96572 0.98621 
0.92207 0.95222 0.98108 1.00123 
0.91079 0.94399 0.97031 0.99092 
0.90039 0.94006 0.96984 0.99271 
0.90335 0.93887 0.96770 0.99218 
0.90417 0.94216 0.96869 0.99432 
0.90482 0.94392 0.97233 0.99359 
0.90681 0.94233 0.97099 0.99298 
0.90643 0.94414 0.97315 0.99196 
0.90876 0.94419 0.97120 0.99592 
0.90678 0.94445 0.97026 0.99460 
0.90868 0.94387 0.97079 0.99481 
0.90813 0.94367 0.97128 0.99513 
0.90881 0.94206 0.97171 0.99453 
0.90855 0.94341 0.97206 0.99397 
0.90674 0.94398 0.97138 0.99494 
0.90917 0.94366 0.97025 0.99339 
0.90969 0.94283 0.97388 0.99254 
0.90902 0.94389 0.97249 0.99426 
0.91031 0.94268 0.97144 0.99461 
0.91014 0.94295 0.97435 0.99476 
0.90823 0.94586 0.97090 0.99411 
0.91053 0.94471 0.97114 0.99453 
0.90990 0.94540 0.97257 0.99519 
0.90943 0.94449 0.97274 0.99375 
0.91092 0.94627 0.97142 0.99387 
0.90923 0.94423 0.97283 0.99500 
0.91026 0.94354 0.97117 0.99321 
0.91133 0.94528 0.97267 0.99275 
0.91016 0.94519 0.97266 0.99513 
0.90933 0.94476 0.97390 0.99368 
0.90903 0.94169 0.97235 0.99701 
0.91083 0.94588 0.97481 0.99451 
0.91034 0.94729 0.97383 0.99626 
0.91243 0.94478 0.97228 0.99411 
0.91102 0.94494 0.97364 0.99529 
0.91078 0.94577 0.97336 0.99423 
0.26250 0.78446 0.94534 1.01429 
0.81919 0.87315 0.91515 0.94677 
0.92389 0.96190 0.99377 1.02214 
0.90886 0.93730 0.96307 0.98569 
0.92390 0.95656 0.98211 1.00597 
0.92017 0.94839 0.97478 0.99497 
0.91311 0.94800 0.97318 0.99926 
0.90549 0.94383 0.97171 0.99762 
0.91040 0.94543 0.97546 0.99917 
0.91203 0.94676 0.97486 0.99787 
0.91419 0.94800 0.97499 1.00101 
0.91413 0.94869 0.97413 0.99783 
0.91304 0.94926 0.97422 0.99787 
0.91349 0.94885 0.97444 0.99789 
0.91438 0.94736 0.97473 0.99754 
0.91579 0.94813 0.97526 0.99715 
0.91241 0.94803 0.97470 0.99813 
0.91669 0.94893 0.97319 0.99875 
0.91581 0.94966 0.97531 0.99457 
0.91368 0.94848 0.97745 0.99759 
0.91485 0.94815 0.97563 0.99722 
0.91424 0.94829 0.97743 0.99734 
0.91649 0.94873 0.97476 0.99785 
0.91418 0.94811 0.97620 0.99784 
0.91628 0.94872 0.97630 0.99914 
0.91586 0.95058 0.97399 0.99877 
0.91574 0.94988 0.97524 0.99950 
0.91344 0.94939 0.97677 0.99786 
0.91555 0.94820 0.97606 0.99843 
0.91509 0.94867 0.97700 0.99720 
0.91390 0.95002 0.97763 0.99881 
0.91325 0.94890 0.97616 0.99705 
0.91365 0.94930 0.97564 0.99828 
0.91515 0.94844 0.97454 0.99866 
0.91504 0.94898 0.97684 0.99799 
0.91558 0.95043 0.97679 0.99862 
0.91643 0.94914 0.97665 0.99814 
0.91359 0.94932 0.97373 0.99786 
0.91496 0.94927 0.97622 0.99974 
0.91524 0.94969 0.97779 0.99855 
