0.0180379
0.0168025
0.0175478
0.0173049
0.0175838
0.0175858
0.0177591
0.0176862
0.0177512
0.0177056
0.017737
0.0177098
0.0177247
0.0177103
0.0177145
0.0177028
0.017708
0.0176982
0.0177014
0.0176972
0.0176899
0.0176847
0.0176833
0.0176752
0.0176828
0.0176735
0.0176681
0.0176664
0.0176631
0.0176627
0.0176625
0.0176478
0.0176468
0.0176412
0.0176379
0.0176282
0.0176292
0.0176279
0.0176264
0.0176272
0.0180379
0.0167138
0.0175968
0.0172648
0.0176502
0.0175754
0.0177777
0.0176914
0.017773
0.0177172
0.0177538
0.0177244
0.0177437
0.0177285
0.0177321
0.0177195
0.0177255
0.0177221
0.0177166
0.0177164
0.0177148
0.0177033
0.0177028
0.0176992
0.017702
0.0177006
0.017693
0.0176905
0.0176855
0.0176782
0.0176874
0.0176754
0.0176751
0.0176685
0.017664
0.0176693
0.0176557
0.0176561
0.0176509
0.0176538
0.0180379
0.0167672
0.0177183
0.0175181
0.0177623
0.0176891
0.0178716
0.0178023
0.0178696
0.0178333
0.0178625
0.0178416
0.0178592
0.0178458
0.0178497
0.0178459
0.0178455
0.0178441
0.0178451
0.0178419
0.0178426
0.0178381
0.0178381
0.0178393
0.0178356
0.017836
0.0178351
0.0178353
0.0178282
0.017832
0.0178275
0.0178315
0.0178228
0.0178312
0.0178247
0.0178274
0.0178228
0.0178206
0.0178197
0.0178153
