0.0179156
0.0176443
0.0176097
0.0178646
0.0178172
0.0178571
0.0178389
0.0178527
0.0178426
0.0178524
0.0178467
0.017852
0.0178513
0.0178522
0.0178504
0.0178539
0.0178533
0.0178524
0.0178534
0.0178563
0.0178544
0.017857
0.0178576
0.0178576
0.0178581
0.0178583
0.0178578
0.0178585
0.0178594
0.0178603
0.0178603
0.0178589
0.0178592
0.0178613
0.0178612
0.0178633
0.017862
0.0178618
0.0178618
0.0178635
0.0179156
0.0176689
0.017615
0.0178678
0.0178024
0.0178565
0.0178331
0.0178522
0.0178396
0.0178504
0.0178448
0.0178496
0.017846
0.01785
0.0178501
0.0178516
0.0178502
0.017851
0.0178534
0.0178502
0.0178523
0.0178538
0.0178537
0.0178533
0.0178543
0.0178528
0.0178541
0.0178565
0.017856
0.0178569
0.0178563
0.0178582
0.0178575
0.0178582
0.0178596
0.0178601
0.0178592
0.0178589
0.0178603
0.0178608
0.0179156
0.0177096
0.0176228
0.0178627
0.0177839
0.0178457
0.0178092
0.017835
0.017817
0.0178299
0.0178208
0.0178278
0.0178214
0.017828
0.0178242
0.0178265
0.017826
0.0178246
0.0178267
0.017828
0.0178283
0.0178278
0.0178278
0.0178276
0.0178305
0.0178276
0.0178294
0.0178285
0.0178305
0.0178283
0.0178334
0.0178295
0.0178309
0.0178294
0.0178308
0.0178279
0.0178324
0.017832
0.0178341
0.0178355
