0.0180379
0.0176331
0.0175975
0.0177075
0.017785
0.0178914
0.0178538
0.0178874
0.0178687
0.017882
0.0178684
0.0178767
0.0178714
0.0178728
0.0178683
0.0178691
0.0178648
0.0178662
0.0178663
0.0178619
0.0178627
0.0178606
0.017853
0.0178586
0.0178557
0.0178552
0.017851
0.0178494
0.0178501
0.0178506
0.0178454
0.0178458
0.0178428
0.0178406
0.0178389
0.0178371
0.017837
0.0178366
0.0178386
0.0178325
0.0180379
0.0176638
0.0175785
0.0177568
0.0177703
0.0179003
0.017855
0.0178961
0.0178727
0.0178906
0.0178716
0.0178861
0.0178772
0.0178791
0.017873
0.0178777
0.0178749
0.0178752
0.0178726
0.0178703
0.0178694
0.0178671
0.0178647
0.0178674
0.0178662
0.0178634
0.0178632
0.0178605
0.017859
0.0178605
0.0178591
0.0178568
0.0178539
0.017853
0.017855
0.0178488
0.0178495
0.0178484
0.017844
0.0178433
0.0180379
0.0177564
0.0177232
0.0178292
0.0178183
0.0179432
0.0178994
0.0179415
0.0179188
0.0179373
0.0179247
0.017935
0.0179277
0.0179303
0.0179265
0.0179293
0.0179264
0.0179279
0.0179264
0.0179255
0.0179243
0.0179268
0.0179267
0.0179245
0.0179238
0.017922
0.0179239
0.0179205
0.0179222
0.01792
0.0179225
0.0179184
0.0179225
0.0179182
0.0179207
0.0179175
0.0179176
0.0179163
0.0179149
0.0179135
