0.0180836
0.0174994
0.0175517
0.0172519
0.0175689
0.0175178
0.0176646
0.0177244
0.01786
0.0178188
0.0178661
0.0178385
0.0178565
0.0178355
0.0178461
0.0178297
0.0178327
0.017827
0.0178274
0.0178212
0.017819
0.0178132
0.0178074
0.0178014
0.0178043
0.0177967
0.0177975
0.017789
0.0177923
0.0177811
0.0177818
0.017773
0.017766
0.0177589
0.0177576
0.0177533
0.0177512
0.0177487
0.0177407
0.0177435
0.0180836
0.0174979
0.0176307
0.0172324
0.017634
0.0175496
0.0177246
0.0177233
0.0178838
0.0178237
0.0178846
0.0178512
0.017875
0.0178511
0.0178627
0.0178486
0.0178537
0.017844
0.0178471
0.0178369
0.0178395
0.0178341
0.0178328
0.0178293
0.0178276
0.0178229
0.0178231
0.017818
0.0178149
0.0178081
0.0178071
0.0177983
0.0178005
0.0177927
0.0177881
0.0177872
0.0177845
0.0177855
0.0177748
0.0177776
0.0180836
0.0176216
0.017787
0.0172035
0.0177895
0.0177638
0.017838
0.0178506
0.0179718
0.0179305
0.0179735
0.0179477
0.0179682
0.0179506
0.0179598
0.0179545
0.0179579
0.0179527
0.0179569
0.0179533
0.0179548
0.0179547
0.0179498
0.0179475
0.0179487
0.0179498
0.0179486
0.0179478
0.0179459
0.0179462
0.0179426
0.0179432
0.0179389
0.0179421
0.0179387
0.0179392
0.0179375
0.0179379
0.0179316
0.0179341
