0.0179655
0.0151853
0.0171715
0.0159887
0.0169513
0.0166762
0.0170147
0.0167729
0.016911
0.0167564
0.0168364
0.0167555
0.0168142
0.0167661
0.0168014
0.0167685
0.0167981
0.0167724
0.0167787
0.016756
0.0167821
0.016761
0.0167881
0.016761
0.0167692
0.0167603
0.0167775
0.0167737
0.0167684
0.0167668
0.0167788
0.0167594
0.0167669
0.0167687
0.0167715
0.0167824
0.0167613
0.0167692
0.0167578
0.0167837
0.0179655
0.0146533
0.0173652
0.0159459
0.0170323
0.0166189
0.0170496
0.0167687
0.0169445
0.0167493
0.0168657
0.0167688
0.0168298
0.0167832
0.0168226
0.0167875
0.016801
0.016787
0.0167838
0.0167922
0.0167945
0.016771
0.0167902
0.0167816
0.0167794
0.0167878
0.0167803
0.0167722
0.0167856
0.0167651
0.0167856
0.0167624
0.016771
0.0167776
0.0167774
0.0167814
0.0167802
0.0167579
0.0167691
0.0167754
0.0179655
0.015053
0.0174232
0.016173
0.0171451
0.0167384
0.0171686
0.0168841
0.017059
0.0168884
0.0169923
0.0169095
0.0169691
0.0169192
0.0169453
0.0169254
0.0169254
0.0169263
0.0169236
0.0169251
0.0169186
0.0169209
0.0169091
0.0169221
0.0169097
0.0169183
0.016905
0.0169155
0.0169025
0.0169244
0.0168976
0.0169074
0.0168897
0.0168971
0.0168847
0.0168945
0.0168966
0.0168827
0.0168832
0.0168789
