0.0179393
0.0171191
0.0141275
0.016682
0.0151705
0.0164516
0.0160021
0.0163663
0.0161041
0.0162613
0.0161295
0.016224
0.0161579
0.0162289
0.0161895
0.016246
0.0162106
0.0162374
0.0162186
0.0162487
0.0162414
0.0162818
0.0162824
0.0162979
0.0162757
0.0162997
0.0163074
0.0163134
0.01632
0.0163235
0.0163208
0.0163553
0.0163439
0.0163662
0.0163673
0.0163803
0.0163977
0.0163788
0.0164077
0.0164026
0.0179393
0.0173188
0.0136568
0.016907
0.0150377
0.016521
0.0158957
0.0163747
0.0160349
0.0162637
0.0160707
0.0162052
0.0161038
0.0161852
0.0161557
0.0161953
0.016169
0.0162046
0.0161979
0.016205
0.0162021
0.0162207
0.0162058
0.0162258
0.0162222
0.0162345
0.0162427
0.0162573
0.0162524
0.0162875
0.0162705
0.0163064
0.0162821
0.0162983
0.0163193
0.0163106
0.0163242
0.016343
0.0163344
0.0163545
0.0179393
0.0173136
0.0134269
0.0169069
0.0149597
0.0164765
0.0157099
0.0162611
0.0158311
0.0160793
0.0158547
0.0160056
0.0158825
0.015968
0.0159057
0.015939
0.015931
0.0159262
0.0159239
0.0159337
0.0159345
0.0159372
0.0159528
0.0159334
0.0159543
0.0159469
0.0159602
0.0159348
0.015972
0.0159313
0.0159829
0.0159494
0.015976
0.0159497
0.0159693
0.0159561
0.0159704
0.0159729
0.0159643
0.0159898
