0.0179156
0.0164655
0.0167557
0.0145006
0.0164112
0.0153593
0.0162459
0.0160742
0.0163625
0.0162673
0.0164056
0.0163426
0.0164182
0.0164083
0.0164394
0.0164482
0.0164763
0.0164555
0.016493
0.0164955
0.0165235
0.0165337
0.0165838
0.0165779
0.0165945
0.0165958
0.0166259
0.0166221
0.0166315
0.0166366
0.0166534
0.0166745
0.0166882
0.0167095
0.0167272
0.016743
0.0167456
0.0167551
0.0167694
0.01677
0.0179156
0.016541
0.0167959
0.0140549
0.0164421
0.0150786
0.0162287
0.0158944
0.0163051
0.0161297
0.016333
0.0162369
0.0163474
0.0163087
0.0163663
0.0163489
0.016384
0.016379
0.0164225
0.0164256
0.0164374
0.0164461
0.016478
0.0164646
0.0164892
0.0164934
0.0165112
0.0165269
0.0165535
0.0165595
0.0165787
0.0165919
0.0166109
0.0166115
0.016622
0.0166369
0.0166336
0.0166636
0.0166913
0.0166901
0.0179156
0.0162565
0.0166618
0.0131559
0.0162554
0.0144674
0.0158411
0.0152211
0.0157572
0.0154214
0.0156887
0.0155341
0.0156699
0.0155892
0.0156623
0.0156086
0.0156524
0.0156387
0.0156679
0.0156544
0.0156784
0.0156748
0.0156981
0.0157223
0.0157227
0.0157372
0.015723
0.0157489
0.0157259
0.0157718
0.0157385
0.015792
0.0157607
0.0158054
0.0157952
0.0158131
0.0158287
0.0158391
0.0158402
0.0158558
