0.0179393
0.0159739
0.0162198
0.0128748
0.0156449
0.0138265
0.0152084
0.0146101
0.0150329
0.0147173
0.0149326
0.0147727
0.0148987
0.0148197
0.0149023
0.014873
0.0149385
0.0148851
0.0149311
0.0149233
0.014961
0.014963
0.0150229
0.0149961
0.0150329
0.0150144
0.0150528
0.0150519
0.0150535
0.0150655
0.0150915
0.015093
0.0151371
0.0151276
0.0151602
0.0151812
0.0151763
0.015205
0.0151933
0.0152292
0.0179393
0.0161837
0.0164917
0.0124064
0.0159251
0.0136464
0.0152878
0.0144796
0.0150315
0.0146232
0.0149154
0.0146749
0.0148546
0.0147395
0.0148393
0.0147942
0.0148518
0.0148241
0.0148765
0.0148519
0.0148766
0.0148694
0.0149068
0.0148832
0.0149096
0.0149177
0.0149321
0.01496
0.0149771
0.0149717
0.0150109
0.0150022
0.0150302
0.0150229
0.0150344
0.0150591
0.0150688
0.0150832
0.0151268
0.0151122
0.0179393
0.0160427
0.0164459
0.0121343
0.0158663
0.0134348
0.0151365
0.0141395
0.0147972
0.014263
0.014565
0.0143105
0.0144841
0.0143417
0.0144363
0.0143645
0.0144117
0.0144084
0.0144005
0.0143944
0.0144045
0.014401
0.0144022
0.0144365
0.0144194
0.0144267
0.0144123
0.0144502
0.0144087
0.0144761
0.0144022
0.014477
0.0144444
0.0144805
0.0144391
0.014473
0.0144506
0.0144689
0.0144842
0.0144689
