0.0180379
0.0174333
0.0164667
0.017396
0.0169952
0.017394
0.0173338
0.0175504
0.0174503
0.0175424
0.0174743
0.0175258
0.0174787
0.0175018
0.0174765
0.0174803
0.0174595
0.0174727
0.0174585
0.017454
0.01745
0.0174392
0.017422
0.0174303
0.0174154
0.0174224
0.017403
0.0173994
0.017396
0.017391
0.0173855
0.0173805
0.0173588
0.0173577
0.0173479
0.0173371
0.017335
0.0173296
0.01733
0.0173187
0.0180379
0.0175157
0.0163666
0.017469
0.0169474
0.0174842
0.0173301
0.0175872
0.0174683
0.0175783
0.0174991
0.0175527
0.0175064
0.0175297
0.0175088
0.0175152
0.0174941
0.0175056
0.0174911
0.0174896
0.0174836
0.0174843
0.017465
0.0174719
0.0174632
0.01746
0.0174587
0.0174441
0.0174369
0.0174308
0.0174201
0.0174291
0.0174177
0.01741
0.0173978
0.0173887
0.0173986
0.0173813
0.0173746
0.0173709
0.0180379
0.0176601
0.0165468
0.0176349
0.0172836
0.0176624
0.0175337
0.0177647
0.017673
0.0177622
0.0177149
0.0177529
0.017724
0.0177463
0.0177301
0.0177339
0.0177276
0.0177265
0.0177262
0.0177267
0.0177243
0.0177203
0.0177148
0.017713
0.017713
0.0177103
0.0177118
0.0177058
0.0177069
0.0176966
0.0177034
0.0176933
0.0176976
0.017686
0.0176994
0.0176894
0.0176898
0.0176835
0.0176778
0.0176788
