0.0179977
0.0164314
0.0166509
0.0142031
0.0162371
0.014924
0.0158517
0.0154682
0.0158282
0.0155424
0.0157105
0.0155313
0.0156356
0.0155132
0.0155865
0.015507
0.0155378
0.0155055
0.0155164
0.0154532
0.0154608
0.0154069
0.0153998
0.0153811
0.0153931
0.0153581
0.0153461
0.0153456
0.0153245
0.0153311
0.0153031
0.0152818
0.0152769
0.0152271
0.0152363
0.0152119
0.0151908
0.0152014
0.0151705
0.015175
0.0179977
0.0166635
0.0168747
0.0138516
0.0164423
0.0148628
0.0160039
0.0154867
0.0159429
0.0155836
0.0158129
0.0156106
0.0157489
0.015618
0.0156633
0.0156014
0.0156256
0.0155822
0.0155583
0.0155586
0.0155565
0.0155326
0.0155352
0.015509
0.0155122
0.0154929
0.0154733
0.0154544
0.0154258
0.015396
0.0154068
0.0153584
0.0153886
0.0153511
0.0153472
0.0153513
0.0153333
0.0153063
0.0152728
0.0152635
0.0179977
0.0168239
0.0171023
0.0146093
0.0167481
0.0155523
0.0165203
0.0161144
0.0165184
0.0162758
0.0164701
0.016324
0.0164222
0.0163454
0.0163917
0.0163465
0.0163569
0.016352
0.0163445
0.0163328
0.0163291
0.0163274
0.0163052
0.0162988
0.0162783
0.0162908
0.0162723
0.0162662
0.0162506
0.0162558
0.0162379
0.0162431
0.0162016
0.0162205
0.0161945
0.01621
0.0161887
0.0161767
0.0161747
0.0161569
