0.0180836
0.0174752
0.0177177
0.0177107
0.0178063
0.0178762
0.0179884
0.0179486
0.0179869
0.0179667
0.0179808
0.0179682
0.017978
0.0179679
0.0179708
0.017967
0.0179694
0.0179652
0.0179652
0.0179638
0.0179647
0.0179587
0.0179598
0.0179567
0.0179599
0.0179557
0.0179578
0.0179535
0.0179563
0.0179526
0.0179513
0.0179461
0.0179445
0.0179458
0.0179436
0.0179411
0.0179398
0.0179404
0.0179357
0.0179392
0.0180836
0.0174551
0.0177705
0.0177404
0.0178551
0.0178681
0.0179972
0.0179487
0.0179955
0.0179699
0.0179873
0.0179725
0.0179844
0.0179732
0.0179788
0.0179717
0.0179751
0.0179708
0.0179714
0.0179693
0.0179707
0.0179686
0.0179675
0.017965
0.017967
0.0179647
0.0179638
0.0179637
0.0179601
0.017958
0.0179612
0.0179556
0.0179566
0.0179561
0.0179543
0.017953
0.0179515
0.0179513
0.0179486
0.0179492
0.0180836
0.017337
0.0178768
0.0178753
0.0179034
0.0179218
0.0180267
0.0179875
0.0180231
0.0180029
0.0180178
0.0180051
0.0180133
0.0180077
0.0180104
0.0180067
0.0180098
0.0180082
0.0180093
0.0180102
0.0180101
0.0180067
0.0180067
0.0180076
0.018007
0.0180079
0.0180059
0.018007
0.0180053
0.0180058
0.0180041
0.018007
0.0180029
0.0180052
0.0180031
0.0180049
0.018
0.0180028
0.0180041
0.0180015
