0.0180836
0.0178429
0.0178622
0.0179721
0.0180427
0.0180168
0.0180392
0.0180271
0.0180338
0.0180268
0.0180323
0.0180274
0.0180296
0.0180274
0.0180294
0.0180277
0.0180278
0.0180274
0.0180279
0.018027
0.0180268
0.0180255
0.0180264
0.0180264
0.0180276
0.0180263
0.0180269
0.0180264
0.0180261
0.0180257
0.0180247
0.0180247
0.018026
0.0180261
0.018025
0.0180242
0.0180234
0.0180248
0.0180249
0.0180237
0.0180836
0.0178841
0.0179033
0.0179625
0.0180469
0.0180136
0.018041
0.0180283
0.0180361
0.0180269
0.0180333
0.0180281
0.0180328
0.0180262
0.0180311
0.0180283
0.0180287
0.0180285
0.0180283
0.0180292
0.0180285
0.0180272
0.018028
0.0180268
0.0180285
0.0180279
0.0180257
0.0180266
0.0180276
0.0180262
0.0180267
0.0180258
0.018028
0.0180275
0.0180267
0.0180254
0.0180256
0.0180255
0.0180244
0.0180259
0.0180836
0.0179586
0.0179326
0.0179799
0.0180533
0.0180225
0.0180494
0.0180329
0.0180434
0.0180336
0.0180396
0.0180357
0.0180385
0.018034
0.0180375
0.0180364
0.0180372
0.0180373
0.0180366
0.018035
0.0180361
0.0180365
0.0180359
0.0180369
0.0180357
0.0180363
0.0180354
0.0180355
0.0180353
0.018037
0.0180341
0.0180366
0.0180342
0.0180363
0.0180323
0.0180349
0.0180361
0.018034
0.0180348
0.0180336
