0.0179485
0.0176542
0.0175966
0.0177214
0.017811
0.0178554
0.0178488
0.0178658
0.0178642
0.0178735
0.017873
0.017877
0.0178763
0.017881
0.0178796
0.0178802
0.0178797
0.0178818
0.0178829
0.017885
0.0178847
0.0178868
0.0178885
0.0178887
0.0178891
0.017889
0.0178918
0.0178915
0.0178937
0.017891
0.017893
0.0178941
0.0178931
0.0178959
0.0178972
0.0178983
0.0178973
0.0178977
0.0178985
0.0178983
0.0179485
0.0176095
0.0175663
0.0177113
0.0177822
0.0178415
0.0178338
0.0178599
0.017855
0.0178676
0.0178673
0.0178713
0.0178692
0.017873
0.0178747
0.0178769
0.0178767
0.0178764
0.0178799
0.0178785
0.0178793
0.017881
0.0178829
0.0178805
0.0178807
0.0178821
0.0178825
0.0178848
0.0178872
0.0178875
0.017888
0.0178901
0.0178896
0.0178908
0.0178936
0.0178912
0.0178913
0.0178926
0.0178943
0.0178948
0.0179485
0.017634
0.0175018
0.0176761
0.0177106
0.0177956
0.0177743
0.0178062
0.0177931
0.0178098
0.017806
0.0178144
0.0178139
0.0178175
0.0178153
0.017818
0.0178187
0.0178205
0.017821
0.0178218
0.017821
0.0178225
0.0178233
0.0178238
0.0178284
0.0178267
0.0178275
0.0178242
0.0178262
0.0178276
0.0178267
0.0178265
0.0178294
0.0178312
0.0178337
0.0178322
0.0178382
0.0178351
0.0178364
0.0178375
