0.0179485
0.0175449
0.0166885
0.0174909
0.0171704
0.0175201
0.0175281
0.0176564
0.0176301
0.0176845
0.0176743
0.0176968
0.0176954
0.017711
0.0177056
0.0177141
0.0177145
0.0177175
0.0177162
0.0177273
0.0177282
0.0177364
0.0177387
0.0177433
0.0177475
0.0177493
0.0177515
0.0177543
0.0177569
0.0177555
0.0177618
0.0177652
0.0177681
0.0177702
0.0177699
0.0177773
0.0177797
0.0177824
0.0177838
0.0177838
0.0179485
0.0174514
0.0165188
0.0174334
0.0170337
0.0174912
0.0174537
0.0176323
0.0175854
0.0176631
0.0176454
0.0176782
0.0176706
0.0176887
0.0176864
0.0176958
0.0176962
0.0176954
0.017709
0.0177085
0.0177118
0.0177166
0.0177156
0.0177194
0.0177185
0.0177222
0.0177241
0.0177317
0.0177343
0.0177392
0.017742
0.0177459
0.0177479
0.0177506
0.0177539
0.0177531
0.0177592
0.017758
0.0177638
0.017767
0.0179485
0.0174634
0.0158076
0.0173794
0.0167146
0.0173545
0.0171766
0.0174502
0.017348
0.0174547
0.0174055
0.0174697
0.0174418
0.0174771
0.0174663
0.0174709
0.017471
0.0174836
0.017483
0.0174862
0.0174908
0.017495
0.0174939
0.0174984
0.0175076
0.0175044
0.0175115
0.0175044
0.0175142
0.0175097
0.017516
0.0175178
0.0175214
0.0175204
0.0175308
0.0175318
0.0175409
0.0175409
0.0175501
0.0175462
