0.0179717
0.0175148
0.0177947
0.0177638
0.0178391
0.0178984
0.017921
0.0179203
0.0179268
0.0179283
0.0179316
0.0179327
0.0179351
0.0179363
0.0179357
0.0179343
0.0179363
0.0179345
0.017938
0.0179387
0.0179385
0.0179387
0.0179395
0.0179407
0.017941
0.0179396
0.0179398
0.0179406
0.0179392
0.0179394
0.0179412
0.0179421
0.017942
0.0179413
0.0179427
0.0179424
0.0179418
0.0179419
0.0179426
0.0179444
0.0179717
0.017473
0.0177487
0.0177289
0.0178288
0.0178804
0.017913
0.0179138
0.0179255
0.0179264
0.0179298
0.0179303
0.0179329
0.0179327
0.0179335
0.0179352
0.0179344
0.0179349
0.0179347
0.0179349
0.0179363
0.0179362
0.0179376
0.0179362
0.017936
0.0179379
0.0179379
0.0179374
0.0179384
0.0179395
0.0179398
0.0179387
0.0179396
0.0179401
0.0179405
0.0179419
0.0179407
0.017942
0.0179415
0.017941
0.0179717
0.0172178
0.0177426
0.0176365
0.0177869
0.0178108
0.0178709
0.0178637
0.0178888
0.017884
0.0178934
0.0178947
0.0178988
0.0178988
0.0179015
0.0179004
0.0179038
0.0179043
0.0179043
0.0179036
0.0179033
0.0179038
0.017906
0.0179054
0.017907
0.0179092
0.0179075
0.0179093
0.0179083
0.0179101
0.0179094
0.0179108
0.0179089
0.01791
0.0179109
0.017911
0.0179131
0.0179134
0.0179148
0.0179148
