0.0179655
0.0159424
0.0162035
0.0127516
0.0155806
0.0136321
0.0148869
0.0142321
0.0147094
0.0142679
0.0145103
0.0142636
0.0144199
0.0142675
0.0143766
0.0142884
0.0143522
0.0142967
0.0143368
0.0142985
0.0143198
0.0142607
0.0143129
0.0142758
0.0143163
0.0142606
0.0142852
0.0142819
0.0142942
0.0142965
0.0143015
0.0142716
0.0143047
0.0142694
0.0142917
0.0142856
0.0142809
0.014305
0.0142551
0.0142992
0.0179655
0.0162477
0.0165355
0.0122618
0.0159293
0.0135345
0.0150579
0.0141692
0.0147894
0.01427
0.0145798
0.0142723
0.01447
0.0143119
0.014396
0.0143277
0.0143872
0.0143344
0.0143417
0.0143276
0.0143384
0.0143192
0.0143474
0.0143009
0.0143192
0.0143182
0.0143011
0.0143095
0.0143138
0.0142835
0.0143192
0.0142755
0.0142928
0.0142891
0.0142986
0.0142934
0.0143053
0.0142756
0.0142873
0.0142635
0.0179655
0.01632
0.01665
0.0128327
0.0160933
0.0139317
0.0153731
0.0145115
0.0151503
0.0146522
0.0149574
0.0146583
0.0148492
0.0146843
0.0147934
0.0147127
0.0147521
0.0147329
0.0147165
0.0147179
0.0147136
0.0147138
0.0146873
0.0146873
0.0146664
0.0146833
0.0146707
0.0146815
0.0146592
0.0146841
0.0146423
0.0146828
0.0146384
0.0146569
0.0146101
0.0146404
0.0146058
0.0146058
0.0146206
0.0145813
