0.0179977
0.0178446
0.0179648
0.0179892
0.0179781
0.0179871
0.0179823
0.0179866
0.0179827
0.0179857
0.0179841
0.0179852
0.0179841
0.0179844
0.0179837
0.0179846
0.0179839
0.0179843
0.0179844
0.0179831
0.0179832
0.0179837
0.0179826
0.0179833
0.0179828
0.0179825
0.017983
0.0179824
0.0179822
0.0179823
0.0179823
0.0179814
0.0179824
0.0179824
0.0179815
0.0179813
0.0179815
0.0179816
0.0179818
0.0179815
0.0179977
0.0178345
0.017963
0.0179899
0.0179773
0.0179884
0.0179831
0.0179871
0.0179842
0.0179865
0.0179845
0.0179865
0.017985
0.0179852
0.0179848
0.0179854
0.0179848
0.017985
0.0179848
0.0179839
0.017984
0.0179839
0.0179845
0.0179837
0.0179836
0.0179834
0.0179831
0.017983
0.0179831
0.0179834
0.017983
0.0179834
0.0179827
0.0179837
0.0179832
0.0179828
0.0179824
0.0179827
0.0179819
0.0179818
0.0179977
0.0178879
0.0179747
0.0179915
0.0179832
0.0179907
0.0179867
0.01799
0.0179883
0.0179896
0.0179889
0.0179899
0.0179889
0.0179894
0.0179892
0.0179895
0.0179889
0.0179891
0.0179892
0.0179888
0.0179884
0.0179888
0.0179893
0.0179898
0.0179889
0.0179892
0.0179889
0.0179882
0.0179888
0.0179882
0.0179884
0.0179881
0.017989
0.0179884
0.0179884
0.0179879
0.0179886
0.0179886
0.0179885
0.0179881
