0.0179156
0.0160023
0.0173329
0.0166953
0.0172954
0.0172559
0.0174361
0.0173672
0.0174306
0.0173957
0.0174335
0.0174188
0.0174415
0.017438
0.0174506
0.0174461
0.0174575
0.0174517
0.0174629
0.0174589
0.0174783
0.0174858
0.0174928
0.017491
0.0174976
0.0174975
0.0175056
0.0175011
0.0175008
0.0175038
0.0175172
0.0175227
0.0175263
0.0175271
0.0175329
0.0175381
0.0175411
0.0175442
0.0175468
0.0175471
0.0179156
0.0157107
0.0173665
0.0165624
0.0173122
0.0171713
0.017413
0.0173158
0.0174123
0.0173633
0.0174221
0.0173889
0.0174181
0.0174065
0.0174257
0.0174198
0.017434
0.0174373
0.0174422
0.0174438
0.0174504
0.0174474
0.0174606
0.017456
0.017459
0.0174656
0.0174701
0.0174706
0.0174867
0.0174835
0.0174928
0.0174898
0.0174952
0.0175023
0.0174982
0.0175102
0.0175127
0.0175155
0.0175215
0.0175234
0.0179156
0.0151703
0.0173899
0.0163378
0.0172585
0.016958
0.0172862
0.0171028
0.0172401
0.017139
0.0172222
0.0171735
0.0172027
0.0171764
0.0172027
0.0171933
0.0172042
0.0171974
0.0172063
0.0172119
0.0172098
0.0172161
0.0172221
0.0172305
0.0172235
0.0172372
0.0172214
0.0172302
0.0172225
0.0172482
0.0172289
0.0172437
0.0172351
0.0172485
0.0172519
0.0172509
0.0172529
0.0172542
0.017263
0.0172667
