0.0180836
0.0176305
0.0173843
0.017673
0.0176228
0.0177568
0.0178137
0.0179393
0.0178958
0.0179425
0.0179164
0.017936
0.0179177
0.0179302
0.0179174
0.0179189
0.0179136
0.0179163
0.017913
0.01791
0.0179079
0.0179078
0.0178992
0.0179031
0.0178966
0.0179012
0.0178937
0.0178949
0.0178897
0.0178926
0.0178858
0.0178847
0.0178768
0.0178738
0.0178759
0.0178707
0.0178707
0.0178658
0.0178679
0.0178617
0.0180836
0.0177015
0.0173616
0.0177326
0.0176509
0.0178115
0.0178074
0.0179555
0.0178986
0.0179546
0.0179235
0.0179456
0.0179268
0.0179393
0.0179264
0.0179324
0.0179239
0.017929
0.0179203
0.0179233
0.0179195
0.0179186
0.0179155
0.0179165
0.0179124
0.017912
0.0179116
0.0179081
0.0179059
0.0179036
0.0179015
0.0179016
0.0178976
0.0178961
0.0178915
0.0178909
0.0178905
0.0178866
0.0178854
0.0178822
0.0180836
0.0178224
0.0172847
0.0178549
0.0178157
0.0178815
0.0178902
0.0180056
0.0179636
0.0180046
0.0179816
0.0179996
0.0179842
0.0179926
0.017987
0.0179903
0.0179859
0.0179892
0.0179875
0.0179881
0.0179898
0.0179875
0.0179844
0.0179848
0.0179856
0.0179847
0.0179864
0.0179829
0.0179841
0.0179813
0.0179824
0.0179797
0.0179818
0.0179782
0.0179814
0.0179788
0.01798
0.0179738
0.0179771
0.0179791
