0.0180836
0.0177461
0.0177906
0.0178435
0.0179306
0.0180209
0.0179887
0.0180178
0.0180024
0.0180133
0.0180038
0.018012
0.0180045
0.0180072
0.0180039
0.0180058
0.0180027
0.0180044
0.0180027
0.0180036
0.0180015
0.018001
0.0179987
0.0180002
0.0179995
0.0180017
0.0179984
0.017999
0.017998
0.0179978
0.0179951
0.0179946
0.0179946
0.0179953
0.0179942
0.0179913
0.0179928
0.0179898
0.0179928
0.0179906
0.0180836
0.0177933
0.017828
0.0178869
0.0179193
0.0180286
0.0179858
0.0180224
0.0180042
0.0180165
0.0180049
0.0180142
0.0180069
0.0180115
0.0180058
0.0180098
0.0180059
0.0180065
0.0180055
0.0180056
0.0180061
0.0180046
0.0180025
0.0180045
0.0180026
0.0180034
0.0180033
0.0180003
0.0180002
0.0180016
0.0180004
0.0179993
0.0179996
0.0180007
0.0179987
0.0179979
0.0179972
0.0179972
0.0179952
0.0179953
0.0180836
0.0178897
0.0179268
0.0179227
0.0179516
0.0180432
0.0180074
0.0180389
0.0180197
0.0180329
0.0180225
0.0180297
0.0180244
0.0180275
0.0180231
0.0180264
0.0180252
0.018026
0.0180266
0.0180257
0.0180241
0.0180246
0.0180256
0.0180245
0.0180249
0.0180238
0.0180252
0.0180237
0.0180237
0.0180229
0.0180254
0.0180217
0.0180238
0.0180216
0.0180238
0.0180194
0.0180227
0.0180228
0.0180213
0.0180224
