0.0179393
0.0178669
0.0179376
0.0179387
0.0179376
0.0179383
0.0179381
0.0179377
0.0179376
0.017938
0.0179378
0.0179391
0.017938
0.0179384
0.0179382
0.0179379
0.0179381
0.0179379
0.017938
0.0179379
0.0179382
0.0179377
0.0179384
0.0179383
0.0179386
0.0179384
0.017938
0.017938
0.0179379
0.0179375
0.0179374
0.0179382
0.0179376
0.0179385
0.017938
0.0179388
0.0179384
0.017938
0.0179383
0.0179377
0.0179393
0.0178843
0.0179373
0.0179392
0.0179379
0.0179378
0.017938
0.017938
0.0179385
0.0179378
0.0179378
0.0179387
0.0179374
0.0179391
0.0179375
0.0179372
0.017938
0.0179386
0.0179372
0.0179381
0.0179378
0.0179377
0.0179379
0.0179386
0.0179377
0.0179382
0.0179381
0.017938
0.0179374
0.0179376
0.0179383
0.0179387
0.0179381
0.0179378
0.017938
0.0179385
0.0179382
0.0179379
0.0179379
0.0179377
0.0179393
0.0179115
0.0179381
0.0179392
0.0179385
0.0179388
0.0179384
0.0179373
0.017938
0.0179395
0.0179392
0.0179384
0.0179391
0.0179368
0.0179378
0.0179378
0.0179388
0.0179378
0.0179376
0.0179382
0.0179388
0.0179394
0.0179393
0.017938
0.0179387
0.0179386
0.0179369
0.0179384
0.0179379
0.0179385
0.0179386
0.0179384
0.0179389
0.0179377
0.0179388
0.0179377
0.017938
0.0179385
0.0179381
0.0179378
