0.0181288
0.0179432
0.0179591
0.0179829
0.0179447
0.018041
0.0180917
0.0180747
0.0180894
0.0180828
0.0180874
0.0180833
0.0180885
0.0180864
0.0180883
0.0180862
0.0180877
0.0180856
0.0180867
0.0180867
0.0180867
0.0180864
0.018087
0.0180864
0.0180887
0.0180875
0.0180874
0.0180885
0.0180873
0.0180887
0.0180875
0.018087
0.0180871
0.0180879
0.0180872
0.0180875
0.0180874
0.0180878
0.0180884
0.018087
0.0181288
0.017889
0.0179743
0.0180005
0.0179614
0.0180306
0.0180942
0.0180681
0.0180909
0.0180808
0.0180885
0.0180847
0.0180887
0.0180855
0.018087
0.0180862
0.0180876
0.0180875
0.0180877
0.018087
0.0180879
0.0180875
0.0180866
0.0180871
0.0180883
0.0180881
0.0180882
0.0180873
0.0180875
0.0180869
0.018088
0.0180872
0.0180882
0.0180883
0.018089
0.018088
0.0180877
0.018088
0.0180874
0.0180874
0.0181288
0.0178048
0.0180427
0.0180567
0.0179964
0.0180223
0.0180935
0.0180665
0.0180894
0.0180755
0.018086
0.0180791
0.0180826
0.0180808
0.0180818
0.0180809
0.0180819
0.0180813
0.0180845
0.0180815
0.0180803
0.018082
0.0180833
0.0180823
0.0180813
0.0180818
0.0180824
0.0180833
0.018082
0.0180831
0.0180806
0.0180822
0.0180833
0.0180854
0.0180827
0.0180829
0.0180837
0.0180824
0.0180837
0.0180836
