0.0179393
0.0174049
0.0169841
0.0174419
0.0174677
0.017544
0.0175085
0.0175308
0.0174992
0.017511
0.0175027
0.0175101
0.0175068
0.017517
0.0175143
0.0175189
0.017518
0.0175147
0.0175143
0.0175218
0.0175251
0.0175314
0.0175317
0.0175332
0.0175308
0.0175371
0.0175389
0.01754
0.0175416
0.0175449
0.0175415
0.0175442
0.0175464
0.0175537
0.0175536
0.0175534
0.0175562
0.0175568
0.0175628
0.0175653
0.0179393
0.0175287
0.0169895
0.0174562
0.0174471
0.0175403
0.017493
0.0175223
0.0174855
0.0175092
0.0174931
0.0175022
0.0174933
0.0175033
0.0175025
0.0175114
0.0175067
0.0175072
0.0175118
0.0175115
0.0175054
0.0175142
0.0175125
0.0175147
0.0175183
0.0175169
0.0175198
0.0175267
0.0175277
0.0175346
0.0175265
0.0175316
0.0175372
0.0175358
0.0175377
0.0175395
0.017541
0.0175454
0.0175465
0.0175515
0.0179393
0.0175573
0.0169942
0.0174669
0.0174253
0.0175219
0.0174529
0.017482
0.0174373
0.0174562
0.0174378
0.0174516
0.0174382
0.0174486
0.0174445
0.0174447
0.0174442
0.0174409
0.0174414
0.0174462
0.0174493
0.0174481
0.0174509
0.0174491
0.0174543
0.0174471
0.0174526
0.0174475
0.0174533
0.0174481
0.0174536
0.0174516
0.0174573
0.0174522
0.01745
0.0174475
0.0174544
0.0174541
0.0174548
0.0174586
