0.0179485
0.0178225
0.0179231
0.0179412
0.0179342
0.0179401
0.0179383
0.01794
0.0179388
0.0179402
0.0179399
0.01794
0.0179407
0.01794
0.0179405
0.0179404
0.0179403
0.0179402
0.0179399
0.0179403
0.0179408
0.0179405
0.0179413
0.0179409
0.0179407
0.0179405
0.0179418
0.0179409
0.0179408
0.0179409
0.0179406
0.0179412
0.0179412
0.0179415
0.0179414
0.0179414
0.0179418
0.0179416
0.0179417
0.0179412
0.0179485
0.0178289
0.0179169
0.0179412
0.0179314
0.0179401
0.017937
0.0179397
0.0179389
0.0179401
0.0179388
0.0179399
0.0179395
0.0179399
0.0179401
0.0179407
0.0179405
0.0179402
0.0179398
0.0179399
0.0179406
0.01794
0.0179397
0.0179401
0.01794
0.0179403
0.0179405
0.0179407
0.0179405
0.0179411
0.017941
0.0179411
0.0179411
0.017941
0.0179408
0.0179411
0.017941
0.0179414
0.0179411
0.0179417
0.0179485
0.0178504
0.0179035
0.0179395
0.0179249
0.017937
0.017931
0.0179363
0.0179334
0.0179356
0.0179357
0.0179361
0.0179346
0.0179355
0.0179358
0.0179366
0.0179359
0.0179358
0.0179355
0.0179361
0.017936
0.0179365
0.0179364
0.0179364
0.0179364
0.0179365
0.0179368
0.0179366
0.0179364
0.0179366
0.0179364
0.017937
0.0179369
0.017937
0.0179375
0.0179368
0.0179375
0.0179367
0.0179379
0.0179373
