0.0179977
0.0172861
0.0151827
0.0170289
0.0159497
0.0167895
0.0165179
0.0168189
0.0166011
0.0167407
0.0165918
0.0166863
0.0165902
0.0166512
0.0165922
0.0166114
0.0165775
0.0165999
0.0165559
0.0165721
0.0165446
0.0165389
0.0165138
0.0165299
0.0165064
0.0165148
0.0164933
0.0164848
0.0164928
0.0164805
0.0164669
0.0164715
0.0164376
0.0164419
0.016434
0.0164112
0.0164175
0.0164077
0.0164012
0.0163886
0.0179977
0.0174197
0.0148018
0.0171725
0.0158565
0.0168918
0.0165139
0.0168879
0.0166219
0.0168056
0.0166225
0.0167488
0.0166482
0.0166973
0.0166416
0.0166654
0.0166271
0.0166397
0.0166193
0.0166169
0.0166126
0.0166179
0.0165873
0.0166
0.016586
0.0165755
0.016575
0.016544
0.0165336
0.0165427
0.016509
0.0165344
0.0165101
0.0165057
0.0165072
0.0164975
0.0164914
0.0164718
0.0164475
0.0164381
0.0179977
0.0174928
0.0153809
0.0173403
0.0163217
0.0171824
0.0168499
0.0171953
0.01699
0.0171554
0.0170428
0.0171206
0.0170676
0.0170966
0.0170577
0.0170769
0.0170669
0.0170628
0.0170607
0.0170514
0.0170546
0.0170496
0.0170462
0.017035
0.0170283
0.0170198
0.0170237
0.017016
0.0170158
0.0169989
0.0170168
0.0169835
0.0170011
0.0169748
0.0169933
0.0169827
0.0169746
0.0169778
0.0169528
0.0169551
