0.0181288
0.017928
0.0179271
0.0179494
0.0179675
0.0179351
0.0180295
0.0180825
0.0180654
0.018082
0.0180744
0.0180795
0.0180746
0.0180803
0.0180781
0.0180799
0.0180777
0.0180789
0.0180764
0.0180782
0.0180775
0.0180775
0.018077
0.018078
0.0180771
0.0180791
0.0180779
0.0180769
0.0180786
0.0180773
0.0180782
0.018077
0.018076
0.0180763
0.0180771
0.0180755
0.0180764
0.0180757
0.0180763
0.018077
0.0181288
0.0179499
0.0178727
0.0179653
0.0179847
0.0179527
0.0180199
0.0180862
0.0180601
0.0180841
0.0180729
0.0180809
0.0180765
0.0180808
0.0180775
0.0180785
0.018078
0.0180798
0.018079
0.0180797
0.0180783
0.0180791
0.0180782
0.018078
0.0180782
0.0180789
0.0180796
0.0180788
0.0180784
0.0180783
0.0180772
0.0180783
0.018078
0.0180788
0.0180781
0.0180785
0.0180781
0.0180778
0.0180777
0.0180764
0.0181288
0.0180189
0.0177945
0.0180362
0.018045
0.0179905
0.018015
0.0180884
0.0180606
0.0180841
0.0180697
0.0180808
0.0180736
0.0180765
0.018075
0.0180767
0.0180752
0.0180766
0.0180754
0.0180788
0.018076
0.018075
0.0180764
0.0180777
0.0180766
0.0180755
0.0180761
0.018077
0.0180777
0.0180765
0.018077
0.0180752
0.0180764
0.0180773
0.0180796
0.0180764
0.0180766
0.018078
0.0180757
0.0180778
