0.0179655
0.0177956
0.0178937
0.0179481
0.0179237
0.017942
0.0179322
0.0179386
0.0179319
0.0179369
0.0179316
0.0179351
0.017934
0.0179336
0.0179322
0.0179334
0.0179322
0.0179326
0.0179322
0.017932
0.0179317
0.0179315
0.0179306
0.017932
0.0179308
0.0179316
0.01793
0.0179304
0.0179295
0.0179303
0.0179299
0.0179304
0.0179304
0.0179315
0.0179303
0.0179289
0.0179297
0.0179293
0.0179296
0.0179284
0.0179655
0.0178067
0.0178878
0.0179503
0.0179229
0.0179438
0.0179319
0.0179396
0.0179329
0.0179374
0.0179332
0.0179366
0.017933
0.0179352
0.0179333
0.0179344
0.0179334
0.0179335
0.0179339
0.0179339
0.0179322
0.0179338
0.0179321
0.0179329
0.0179329
0.0179311
0.0179325
0.0179318
0.0179315
0.0179323
0.0179316
0.0179314
0.0179328
0.0179323
0.0179304
0.017931
0.0179302
0.0179312
0.0179303
0.0179297
0.0179655
0.0178296
0.0179059
0.0179535
0.017931
0.0179488
0.0179387
0.0179457
0.0179401
0.0179453
0.017942
0.0179428
0.0179411
0.0179429
0.0179422
0.0179433
0.0179417
0.0179419
0.0179413
0.0179415
0.0179418
0.0179424
0.017942
0.0179409
0.0179426
0.0179413
0.0179411
0.0179414
0.0179412
0.0179404
0.0179417
0.01794
0.0179414
0.0179397
0.0179415
0.017941
0.0179411
0.0179405
0.0179402
0.0179397
