0.0179717
0.0178924
0.0179612
0.0179658
0.0179643
0.0179656
0.0179651
0.017966
0.0179657
0.0179665
0.0179664
0.0179667
0.0179659
0.0179662
0.0179663
0.0179662
0.0179662
0.0179666
0.0179665
0.0179664
0.0179664
0.017967
0.0179664
0.0179664
0.0179667
0.0179657
0.0179662
0.0179663
0.0179674
0.0179669
0.0179663
0.0179674
0.0179662
0.0179666
0.0179665
0.0179666
0.0179671
0.0179674
0.0179673
0.017966
0.0179717
0.0178927
0.017959
0.0179657
0.017963
0.0179658
0.0179652
0.0179665
0.0179657
0.0179663
0.0179663
0.0179661
0.0179664
0.0179662
0.0179661
0.017966
0.0179663
0.0179666
0.0179667
0.0179666
0.0179661
0.017966
0.0179665
0.0179664
0.0179661
0.0179664
0.0179669
0.0179664
0.017966
0.0179666
0.0179661
0.0179668
0.0179671
0.0179665
0.017966
0.0179667
0.0179663
0.0179664
0.0179671
0.0179672
0.0179717
0.0178998
0.0179517
0.0179639
0.0179584
0.0179641
0.0179625
0.0179641
0.0179636
0.017964
0.0179643
0.0179643
0.0179648
0.0179653
0.0179653
0.0179647
0.0179649
0.0179651
0.0179653
0.0179653
0.0179644
0.0179655
0.0179647
0.0179651
0.0179659
0.0179653
0.0179653
0.017965
0.0179653
0.0179644
0.0179648
0.0179657
0.0179651
0.0179655
0.0179657
0.0179654
0.017965
0.0179654
0.0179654
0.0179655
