0.0179717
0.0178142
0.0178172
0.0178624
0.0179276
0.0179407
0.01794
0.0179449
0.0179453
0.0179478
0.0179483
0.0179497
0.0179505
0.0179501
0.0179491
0.01795
0.0179494
0.0179513
0.0179516
0.0179514
0.0179517
0.017952
0.017953
0.017953
0.0179522
0.0179529
0.0179525
0.0179514
0.0179518
0.0179527
0.0179537
0.0179542
0.0179527
0.0179539
0.0179529
0.0179533
0.0179531
0.017953
0.0179551
0.0179546
0.0179717
0.0177708
0.0178003
0.0178563
0.017917
0.0179363
0.0179359
0.0179437
0.0179445
0.017947
0.0179464
0.0179491
0.0179487
0.0179493
0.0179499
0.0179503
0.0179495
0.0179491
0.0179499
0.0179509
0.0179502
0.0179509
0.017951
0.0179501
0.0179514
0.0179508
0.0179508
0.0179515
0.0179523
0.017952
0.0179513
0.0179522
0.0179526
0.017953
0.0179534
0.0179525
0.0179531
0.0179526
0.0179534
0.0179529
0.0179717
0.0177787
0.0177685
0.0178342
0.0178801
0.0179118
0.0179106
0.0179244
0.0179238
0.0179279
0.0179292
0.0179318
0.0179322
0.0179345
0.017934
0.0179352
0.0179358
0.0179354
0.0179348
0.017935
0.0179353
0.0179353
0.0179353
0.0179363
0.0179366
0.017937
0.0179387
0.0179367
0.0179375
0.0179374
0.017938
0.0179376
0.0179373
0.0179391
0.0179383
0.0179397
0.0179402
0.0179404
0.0179396
0.0179407
