0.0179977
0.0175513
0.017284
0.0175342
0.0176124
0.0176918
0.0176567
0.0176795
0.0176472
0.0176603
0.0176441
0.0176592
0.017648
0.0176511
0.0176429
0.0176379
0.0176294
0.0176411
0.0176362
0.0176298
0.0176282
0.0176251
0.0176178
0.0176246
0.0176194
0.0176166
0.0176146
0.0176123
0.0176124
0.0176136
0.0176046
0.0176055
0.0176028
0.0175988
0.0175997
0.0175962
0.017594
0.0175943
0.0175951
0.0175868
0.0179977
0.0175978
0.0172656
0.0175368
0.0176037
0.0177073
0.0176609
0.0176947
0.0176609
0.0176794
0.0176576
0.0176697
0.0176551
0.0176618
0.0176512
0.0176521
0.0176492
0.0176525
0.0176473
0.0176471
0.0176451
0.0176446
0.017637
0.0176394
0.0176388
0.0176333
0.0176325
0.0176284
0.0176214
0.0176285
0.0176204
0.0176232
0.0176261
0.0176237
0.01762
0.0176139
0.0176106
0.0176086
0.0176046
0.0175997
0.0179977
0.0176607
0.0174236
0.0176635
0.0176914
0.0177764
0.0177401
0.0177766
0.0177516
0.0177688
0.0177617
0.0177697
0.01776
0.0177599
0.017758
0.0177617
0.0177591
0.0177542
0.017757
0.0177544
0.0177543
0.0177552
0.017752
0.0177523
0.0177469
0.0177483
0.0177477
0.0177445
0.0177453
0.0177382
0.0177439
0.0177381
0.017742
0.0177374
0.0177371
0.0177399
0.0177361
0.0177351
0.0177304
0.0177283
