0.0179156
0.0177623
0.0179015
0.0179071
0.0179049
0.0179076
0.0179062
0.0179072
0.0179069
0.0179068
0.0179067
0.0179073
0.0179069
0.0179067
0.0179069
0.0179069
0.0179068
0.0179065
0.0179072
0.0179065
0.0179066
0.0179068
0.0179067
0.0179066
0.0179068
0.0179063
0.0179059
0.0179063
0.0179064
0.0179066
0.0179051
0.017906
0.0179061
0.0179062
0.0179063
0.0179059
0.0179056
0.0179056
0.0179059
0.0179055
0.0179156
0.0177937
0.0179011
0.0179078
0.0179047
0.0179076
0.0179068
0.0179079
0.017907
0.0179077
0.017907
0.0179075
0.0179068
0.0179064
0.0179071
0.0179068
0.0179064
0.0179073
0.0179065
0.0179075
0.0179073
0.017907
0.0179069
0.0179069
0.0179065
0.0179065
0.0179067
0.0179068
0.0179064
0.0179066
0.0179063
0.0179067
0.0179066
0.0179063
0.0179068
0.0179065
0.0179061
0.0179063
0.0179055
0.0179064
0.0179156
0.0178413
0.0179046
0.0179086
0.0179064
0.0179084
0.0179076
0.0179084
0.0179076
0.0179081
0.0179073
0.0179085
0.017908
0.0179074
0.0179079
0.017908
0.0179081
0.0179076
0.0179084
0.0179076
0.0179078
0.0179081
0.0179079
0.0179075
0.0179073
0.0179075
0.0179082
0.0179073
0.0179086
0.0179079
0.0179079
0.0179079
0.0179084
0.0179077
0.0179069
0.0179075
0.0179077
0.0179083
0.0179078
0.0179071
