0.0179485
0.0169369
0.0175926
0.0173819
0.0176392
0.0176854
0.0177726
0.0177572
0.0177889
0.0177853
0.0178006
0.0177987
0.0178081
0.0178066
0.0178109
0.0178112
0.0178145
0.01781
0.0178167
0.0178182
0.0178222
0.0178239
0.017827
0.017831
0.0178308
0.0178307
0.0178324
0.0178346
0.0178339
0.0178372
0.0178382
0.0178413
0.0178418
0.0178406
0.0178445
0.0178478
0.0178496
0.0178507
0.0178498
0.0178507
0.0179485
0.0168179
0.0175476
0.0172959
0.0176241
0.0176319
0.0177553
0.0177283
0.0177766
0.017767
0.0177889
0.017785
0.0177958
0.0177938
0.0178002
0.0178003
0.0178008
0.017806
0.0178089
0.0178102
0.017812
0.0178106
0.0178159
0.0178151
0.0178147
0.0178152
0.0178191
0.0178199
0.0178244
0.017827
0.0178281
0.01783
0.0178318
0.0178323
0.0178337
0.0178381
0.0178354
0.0178385
0.0178404
0.0178427
0.0179485
0.0162821
0.0175467
0.0170951
0.0175574
0.0174663
0.0176603
0.0175951
0.0176657
0.0176307
0.0176737
0.0176565
0.0176737
0.0176688
0.017678
0.0176727
0.0176825
0.0176788
0.0176822
0.017685
0.0176868
0.0176828
0.0176894
0.0176932
0.0176923
0.0176987
0.0176936
0.0177001
0.0176946
0.0177026
0.0176999
0.017703
0.0176993
0.0177054
0.0177096
0.0177101
0.0177139
0.0177176
0.017715
0.0177193
