0.0180379
0.0177834
0.0177669
0.0179241
0.0179687
0.0179611
0.0179734
0.0179698
0.0179695
0.0179684
0.017968
0.0179696
0.0179679
0.0179677
0.0179677
0.0179682
0.0179661
0.0179683
0.0179656
0.017967
0.0179657
0.0179654
0.0179649
0.0179654
0.017965
0.0179664
0.0179636
0.0179651
0.0179647
0.0179652
0.0179642
0.0179625
0.0179624
0.0179616
0.0179636
0.01796
0.0179617
0.0179636
0.0179622
0.0179607
0.0180379
0.0177796
0.0178058
0.0179161
0.017968
0.0179617
0.0179743
0.0179693
0.0179723
0.0179676
0.0179718
0.0179697
0.0179695
0.0179682
0.0179698
0.0179698
0.0179686
0.0179699
0.0179671
0.0179675
0.0179663
0.0179665
0.0179659
0.0179676
0.0179664
0.0179663
0.0179652
0.0179662
0.0179668
0.0179664
0.0179662
0.0179648
0.0179648
0.0179664
0.0179644
0.0179645
0.017965
0.0179631
0.0179616
0.0179624
0.0180379
0.0178522
0.0178599
0.0179222
0.0179837
0.0179681
0.017986
0.0179764
0.0179834
0.0179769
0.0179817
0.0179791
0.0179807
0.0179772
0.0179799
0.0179782
0.0179805
0.0179779
0.0179787
0.017977
0.017979
0.0179793
0.0179788
0.0179784
0.0179776
0.0179785
0.0179772
0.0179783
0.017978
0.017978
0.0179764
0.0179782
0.0179774
0.0179778
0.0179763
0.0179764
0.0179775
0.0179773
0.0179747
0.0179767
