0.0179485
0.0170985
0.0173473
0.0163519
0.0172376
0.016897
0.0172864
0.0173146
0.0174543
0.0174465
0.0175054
0.0174973
0.0175247
0.0175271
0.0175424
0.0175409
0.0175545
0.0175496
0.0175636
0.0175607
0.0175754
0.0175831
0.0175927
0.0175953
0.0176018
0.0176083
0.017613
0.0176169
0.017623
0.0176217
0.0176263
0.0176393
0.01764
0.0176461
0.0176474
0.0176555
0.0176627
0.0176648
0.0176704
0.0176715
0.0179485
0.0170828
0.0172387
0.0161115
0.017147
0.0167137
0.017237
0.0172142
0.0174148
0.0173778
0.0174664
0.0174486
0.0174884
0.0174866
0.0175061
0.0175072
0.0175161
0.0175211
0.0175299
0.0175388
0.0175435
0.0175487
0.0175579
0.0175546
0.0175623
0.0175599
0.0175735
0.0175741
0.0175862
0.0175916
0.017598
0.0176056
0.0176087
0.0176119
0.017617
0.0176205
0.0176205
0.0176302
0.0176358
0.0176396
0.0179485
0.0167933
0.0171328
0.0152013
0.0169657
0.0162049
0.0169453
0.0167488
0.0170679
0.0169547
0.0170932
0.017043
0.0171148
0.0170908
0.0171269
0.0171156
0.0171238
0.0171224
0.0171407
0.0171379
0.0171526
0.0171508
0.017166
0.0171686
0.0171744
0.0171824
0.0171831
0.0171925
0.0171832
0.0172006
0.0171925
0.0172068
0.0172084
0.0172163
0.017218
0.0172305
0.0172416
0.017244
0.0172492
0.0172625
