0.0179393
0.0176061
0.0176173
0.0178756
0.0177917
0.0178541
0.0178191
0.0178399
0.0178198
0.0178311
0.0178237
0.0178303
0.0178272
0.0178313
0.017828
0.0178318
0.017828
0.0178298
0.0178283
0.0178318
0.0178306
0.0178326
0.0178333
0.017835
0.0178338
0.0178351
0.017836
0.0178343
0.0178363
0.0178373
0.0178349
0.0178368
0.0178374
0.01784
0.0178399
0.0178387
0.0178414
0.0178385
0.0178424
0.0178394
0.0179393
0.0176797
0.0176062
0.0178859
0.0177811
0.0178564
0.0178113
0.0178388
0.0178134
0.0178343
0.0178196
0.0178274
0.0178218
0.0178276
0.0178277
0.0178284
0.0178258
0.0178282
0.0178288
0.0178265
0.0178262
0.0178302
0.0178267
0.0178307
0.0178301
0.0178281
0.0178316
0.0178348
0.0178328
0.0178326
0.0178318
0.0178352
0.0178359
0.0178354
0.0178353
0.0178364
0.0178357
0.017837
0.0178377
0.0178389
0.0179393
0.0177134
0.017627
0.0178839
0.0177737
0.0178539
0.0177997
0.0178322
0.0177999
0.0178221
0.0178068
0.0178189
0.0178057
0.0178162
0.0178081
0.0178137
0.0178106
0.0178111
0.0178111
0.0178128
0.017813
0.0178133
0.0178145
0.0178139
0.0178139
0.0178136
0.0178128
0.0178108
0.0178156
0.0178111
0.0178151
0.0178123
0.0178179
0.0178127
0.0178127
0.0178128
0.0178142
0.0178158
0.0178148
0.0178166
