0.0179485
0.017738
0.0177604
0.0179083
0.0179049
0.0179164
0.0179152
0.0179201
0.0179185
0.0179213
0.0179221
0.017922
0.0179228
0.0179241
0.017923
0.0179235
0.0179237
0.0179242
0.0179235
0.0179248
0.0179245
0.0179259
0.0179256
0.0179261
0.0179255
0.0179266
0.0179268
0.0179278
0.0179267
0.017927
0.0179266
0.0179269
0.0179277
0.0179285
0.0179289
0.0179285
0.0179284
0.0179288
0.0179286
0.0179291
0.0179485
0.0177407
0.0177536
0.0179021
0.0178957
0.017912
0.0179117
0.0179172
0.0179172
0.0179203
0.0179195
0.0179197
0.0179202
0.0179215
0.0179222
0.0179231
0.0179226
0.0179232
0.0179226
0.0179221
0.0179233
0.017924
0.0179235
0.0179223
0.0179238
0.0179237
0.0179243
0.017925
0.0179254
0.0179254
0.0179263
0.0179266
0.0179265
0.0179268
0.0179269
0.0179264
0.0179277
0.0179269
0.0179278
0.0179283
0.0179485
0.0177703
0.0177386
0.017882
0.0178758
0.0178971
0.0178919
0.0178999
0.0178975
0.017902
0.0179012
0.017904
0.0179021
0.0179023
0.0179029
0.0179044
0.0179052
0.0179047
0.0179053
0.0179043
0.017905
0.0179056
0.0179057
0.0179065
0.0179068
0.0179072
0.0179071
0.0179056
0.0179073
0.017907
0.0179071
0.0179065
0.0179078
0.0179078
0.0179084
0.0179102
0.0179103
0.0179093
0.0179093
0.0179113
