0.0179655
0.0176359
0.0175328
0.0178278
0.0177904
0.0178305
0.0178072
0.0178198
0.0178033
0.0178118
0.0178024
0.0178077
0.0178033
0.0178103
0.0178029
0.0178044
0.017802
0.0178022
0.017801
0.0178021
0.0178009
0.0178015
0.0178001
0.0178008
0.0178018
0.0178018
0.0177998
0.017799
0.0178014
0.0177988
0.0177979
0.0178013
0.0177998
0.0178006
0.0178003
0.017798
0.0177991
0.0177988
0.0178017
0.0177982
0.0179655
0.0177162
0.0175192
0.0178347
0.0177809
0.0178378
0.0178088
0.0178245
0.0178062
0.0178165
0.0178027
0.0178126
0.0178039
0.0178089
0.0178059
0.0178074
0.0178044
0.0178067
0.0178067
0.0178043
0.0178026
0.017806
0.0178016
0.0178041
0.0178027
0.0177999
0.0178017
0.0178019
0.0177999
0.0178036
0.0177981
0.0178024
0.0178014
0.0178046
0.0178015
0.0177998
0.017798
0.0178005
0.0178014
0.0178007
0.0179655
0.0177308
0.0175826
0.0178598
0.0177997
0.0178568
0.0178228
0.0178433
0.017822
0.0178365
0.0178265
0.017833
0.0178246
0.0178296
0.0178265
0.0178279
0.017828
0.0178281
0.0178241
0.017826
0.0178271
0.0178294
0.0178298
0.0178254
0.0178247
0.0178259
0.0178253
0.0178227
0.017827
0.0178205
0.0178236
0.0178221
0.0178251
0.0178211
0.0178222
0.0178241
0.0178219
0.0178214
0.0178188
0.0178198
