0.0179717
0.0175843
0.0177188
0.0173802
0.0177074
0.0176571
0.017766
0.0178262
0.0178616
0.0178651
0.0178773
0.0178799
0.0178843
0.0178884
0.0178906
0.0178935
0.0178928
0.0178912
0.0178956
0.0178951
0.0178997
0.0179014
0.0179012
0.0179023
0.0179033
0.0179052
0.0179068
0.0179056
0.0179066
0.0179061
0.0179067
0.0179075
0.0179104
0.0179101
0.017911
0.0179125
0.0179136
0.0179137
0.0179135
0.0179136
0.0179717
0.0175419
0.0176306
0.0172962
0.0176365
0.0175894
0.0177398
0.0177966
0.0178487
0.0178506
0.0178697
0.0178701
0.01788
0.0178799
0.0178842
0.0178848
0.0178869
0.0178882
0.0178891
0.0178902
0.0178911
0.0178923
0.017894
0.0178939
0.0178962
0.0178956
0.017896
0.0178996
0.0178989
0.0179006
0.0179021
0.0179031
0.0179043
0.0179037
0.0179055
0.0179056
0.0179066
0.0179097
0.0179089
0.0179111
0.0179717
0.0173605
0.017567
0.0168785
0.0175492
0.0173806
0.0176191
0.0176344
0.0177349
0.0177223
0.0177623
0.0177606
0.0177759
0.0177775
0.0177855
0.0177845
0.017787
0.0177855
0.0177944
0.0177946
0.0177991
0.0177941
0.0177991
0.0178
0.0178014
0.0178045
0.0178061
0.0178066
0.0178054
0.0178106
0.0178105
0.0178131
0.0178113
0.0178154
0.0178143
0.0178178
0.0178206
0.0178216
0.0178228
0.0178264
