0.0179717
0.0177679
0.0174593
0.0177683
0.0177112
0.0178131
0.0178649
0.0178987
0.0178962
0.0179071
0.0179085
0.0179127
0.0179152
0.0179179
0.017919
0.0179191
0.0179175
0.0179204
0.0179184
0.0179234
0.0179239
0.0179237
0.0179244
0.0179254
0.0179268
0.0179275
0.0179263
0.0179262
0.0179276
0.0179261
0.0179266
0.0179293
0.0179296
0.01793
0.0179295
0.0179314
0.0179301
0.0179306
0.0179309
0.0179315
0.0179717
0.0176878
0.0174011
0.0177154
0.0176592
0.0177965
0.0178413
0.0178882
0.0178865
0.0179042
0.0179042
0.0179104
0.01791
0.0179139
0.0179145
0.0179149
0.0179174
0.0179165
0.0179174
0.0179168
0.017918
0.0179196
0.0179199
0.0179213
0.0179203
0.0179203
0.0179226
0.0179221
0.0179228
0.0179241
0.0179247
0.0179257
0.0179249
0.0179259
0.0179276
0.0179267
0.0179285
0.0179282
0.0179301
0.0179295
0.0179717
0.0176749
0.0170729
0.0176846
0.0175142
0.0177279
0.0177332
0.01782
0.017807
0.0178405
0.0178344
0.0178495
0.0178484
0.0178566
0.0178552
0.0178577
0.0178571
0.0178628
0.0178636
0.0178633
0.017863
0.0178629
0.0178646
0.0178666
0.017868
0.0178686
0.0178697
0.017868
0.017872
0.017871
0.0178723
0.0178731
0.0178749
0.0178727
0.0178744
0.0178756
0.0178777
0.0178779
0.0178801
0.0178812
