0.0179156
0.0174947
0.0172689
0.0175069
0.0176192
0.0176774
0.0176641
0.0176869
0.0176758
0.0176901
0.0176885
0.0176937
0.0176965
0.0177008
0.0176984
0.0177008
0.0177019
0.0177034
0.0177028
0.0177115
0.0177133
0.0177179
0.0177187
0.0177184
0.0177206
0.0177231
0.0177246
0.0177231
0.0177269
0.0177296
0.0177297
0.0177326
0.017733
0.0177356
0.0177372
0.0177403
0.0177411
0.0177424
0.0177414
0.0177442
0.0179156
0.0175087
0.0172363
0.0175159
0.0175821
0.0176607
0.0176432
0.0176794
0.0176605
0.017681
0.0176761
0.0176818
0.0176812
0.0176858
0.0176893
0.0176924
0.0176959
0.017692
0.0177
0.017699
0.0176971
0.0177039
0.0177042
0.0177046
0.0177055
0.0177088
0.0177062
0.0177138
0.0177138
0.0177179
0.0177168
0.0177219
0.0177239
0.0177227
0.0177281
0.0177266
0.0177279
0.0177305
0.017733
0.0177355
0.0179156
0.0175567
0.0171607
0.0175002
0.0175181
0.0176052
0.0175648
0.0175967
0.0175713
0.0175907
0.0175811
0.0175919
0.0175839
0.017594
0.0175919
0.0175913
0.0175913
0.0175926
0.0175933
0.0175982
0.0175997
0.0175987
0.0176029
0.0176015
0.017609
0.0176026
0.0176047
0.0176034
0.0176093
0.0176059
0.0176089
0.0176112
0.0176126
0.0176105
0.0176122
0.0176125
0.0176163
0.0176172
0.0176212
0.0176264
