0.0181288
0.0180096
0.0179606
0.0180613
0.0181066
0.0180904
0.0181042
0.0180971
0.0181026
0.0180979
0.0181022
0.0181005
0.0181025
0.018101
0.0181022
0.0181012
0.0181015
0.0181022
0.018102
0.0181019
0.0181024
0.0181025
0.0181039
0.0181033
0.0181032
0.0181042
0.0181035
0.0181046
0.0181041
0.0181042
0.0181048
0.0181041
0.0181041
0.0181044
0.0181052
0.0181056
0.0181056
0.0181048
0.0181048
0.0181063
0.0181288
0.0180281
0.0179766
0.0180519
0.0181083
0.0180835
0.0181031
0.0180953
0.0181023
0.0180983
0.0181018
0.0180999
0.0181012
0.0180997
0.0181017
0.0181014
0.0181025
0.0181018
0.018102
0.0181022
0.0181016
0.0181022
0.0181026
0.0181025
0.0181032
0.0181022
0.0181024
0.0181023
0.0181035
0.0181033
0.0181041
0.0181034
0.0181042
0.0181044
0.018104
0.0181042
0.0181038
0.0181038
0.0181041
0.0181037
0.0181288
0.0180763
0.0180081
0.0180371
0.0181063
0.0180784
0.0181005
0.0180869
0.0180974
0.0180899
0.0180949
0.018092
0.0180939
0.0180914
0.0180948
0.0180935
0.0180952
0.0180935
0.0180916
0.018093
0.0180951
0.0180943
0.018093
0.018094
0.0180936
0.0180951
0.0180934
0.0180943
0.0180931
0.0180951
0.018095
0.018097
0.0180953
0.0180949
0.0180957
0.0180947
0.0180956
0.0180957
0.0180958
0.018096
