0.0181288
0.0179689
0.0179986
0.0179542
0.018052
0.0181002
0.0180838
0.0180977
0.0180908
0.0180966
0.0180921
0.0180966
0.0180944
0.0180967
0.0180952
0.0180959
0.0180944
0.0180955
0.0180959
0.0180961
0.0180959
0.0180965
0.0180968
0.0180976
0.0180967
0.0180971
0.0180977
0.0180972
0.0180984
0.0180973
0.0180969
0.0180977
0.0180974
0.0180974
0.0180974
0.0180977
0.0180987
0.0180988
0.0180978
0.0180978
0.0181288
0.0179835
0.0180173
0.0179711
0.0180427
0.0181025
0.0180764
0.0180977
0.018089
0.0180966
0.0180924
0.0180965
0.0180941
0.0180952
0.0180942
0.0180956
0.0180959
0.0180965
0.0180959
0.0180961
0.0180963
0.0180956
0.018096
0.0180968
0.0180965
0.0180966
0.0180963
0.0180964
0.0180962
0.0180974
0.0180973
0.0180975
0.0180972
0.018098
0.018098
0.0180976
0.0180979
0.0180973
0.0180966
0.0180974
0.0181288
0.0180492
0.0180678
0.0180036
0.0180302
0.018101
0.018073
0.0180962
0.0180817
0.0180926
0.0180851
0.0180903
0.0180873
0.0180887
0.018087
0.018089
0.0180884
0.0180912
0.0180888
0.0180865
0.0180885
0.0180906
0.0180892
0.0180882
0.018089
0.0180889
0.0180903
0.0180886
0.0180893
0.0180883
0.0180897
0.0180903
0.0180924
0.0180899
0.0180896
0.0180908
0.0180895
0.0180906
0.0180907
0.0180909
