0.0181288
0.0178958
0.0179115
0.017905
0.01793
0.0179513
0.0179202
0.0180155
0.01807
0.0180538
0.0180702
0.0180628
0.0180683
0.0180624
0.0180681
0.0180652
0.0180674
0.0180649
0.0180661
0.0180628
0.0180652
0.0180639
0.018063
0.0180631
0.0180639
0.0180627
0.0180645
0.0180628
0.0180615
0.0180634
0.0180617
0.0180621
0.0180602
0.0180594
0.0180595
0.0180594
0.0180586
0.0180584
0.0180571
0.0180582
0.0181288
0.0178934
0.0179349
0.0178494
0.017947
0.0179682
0.0179383
0.0180066
0.0180747
0.0180489
0.0180734
0.018062
0.0180704
0.0180652
0.0180688
0.0180661
0.0180671
0.0180666
0.018068
0.0180663
0.0180669
0.0180664
0.0180656
0.0180651
0.0180648
0.0180659
0.0180661
0.0180654
0.0180655
0.0180647
0.0180648
0.0180628
0.0180638
0.0180631
0.0180631
0.0180629
0.0180639
0.0180623
0.0180626
0.0180629
0.0181288
0.0179534
0.0180098
0.0177802
0.0180238
0.0180361
0.0179814
0.0180063
0.0180808
0.0180529
0.0180774
0.0180624
0.0180737
0.018066
0.0180698
0.0180682
0.0180693
0.0180672
0.0180695
0.0180679
0.0180714
0.0180691
0.0180677
0.0180689
0.0180707
0.0180694
0.0180682
0.0180688
0.0180701
0.0180702
0.0180691
0.0180698
0.0180676
0.018069
0.0180696
0.018072
0.0180683
0.0180689
0.0180704
0.0180677
