0.0179717
0.0178515
0.0178748
0.017954
0.017954
0.0179567
0.0179568
0.0179582
0.0179582
0.0179591
0.0179597
0.0179604
0.0179599
0.017959
0.0179597
0.0179594
0.0179602
0.0179606
0.0179602
0.0179605
0.0179607
0.017961
0.017961
0.0179607
0.0179609
0.0179607
0.01796
0.0179603
0.0179608
0.0179614
0.0179612
0.0179607
0.0179618
0.0179605
0.0179609
0.0179608
0.017961
0.0179619
0.0179618
0.0179619
0.0179717
0.0178451
0.0178706
0.0179514
0.0179511
0.0179552
0.0179559
0.0179584
0.0179583
0.0179584
0.0179593
0.0179597
0.0179597
0.0179599
0.0179596
0.0179598
0.0179593
0.0179598
0.0179609
0.01796
0.0179605
0.0179603
0.0179596
0.0179603
0.0179602
0.0179602
0.0179606
0.0179609
0.017961
0.0179598
0.0179611
0.0179605
0.0179615
0.0179614
0.0179608
0.0179608
0.0179606
0.0179608
0.0179606
0.0179617
0.0179717
0.0178525
0.0178589
0.0179399
0.0179376
0.0179466
0.0179479
0.0179516
0.0179515
0.0179527
0.0179531
0.017954
0.0179543
0.017955
0.0179552
0.0179555
0.0179552
0.0179548
0.0179553
0.0179556
0.0179552
0.0179545
0.0179558
0.017955
0.0179557
0.0179568
0.0179561
0.0179559
0.0179555
0.0179561
0.0179553
0.0179554
0.0179569
0.0179559
0.0179571
0.0179567
0.0179571
0.0179562
0.017957
0.017957
