0.0180379
0.0178478
0.0179454
0.0180203
0.0179891
0.0180135
0.0179997
0.0180074
0.0180003
0.0180053
0.0180028
0.0180041
0.0180027
0.0180044
0.0180033
0.018004
0.0180037
0.0180035
0.0180042
0.0180048
0.0180037
0.018005
0.0180049
0.018005
0.0180061
0.018005
0.0180066
0.0180063
0.0180064
0.018007
0.0180063
0.0180059
0.018006
0.0180079
0.0180067
0.0180063
0.0180083
0.0180072
0.0180072
0.0180079
0.0180379
0.017894
0.0179337
0.0180233
0.0179852
0.0180133
0.0179974
0.0180079
0.0179972
0.0180065
0.0180008
0.018004
0.018001
0.0180038
0.0180031
0.0180043
0.0180034
0.0180024
0.0180037
0.018003
0.0180023
0.0180033
0.0180037
0.0180042
0.0180038
0.018003
0.0180048
0.0180057
0.0180047
0.0180051
0.0180047
0.0180057
0.0180065
0.0180057
0.0180062
0.018006
0.018005
0.0180059
0.018006
0.0180078
0.0180379
0.017916
0.0179343
0.0180234
0.0179834
0.0180128
0.0179933
0.0180055
0.0179949
0.0180021
0.0179969
0.0180002
0.0179966
0.0179997
0.0179978
0.0180003
0.0179982
0.017998
0.0179973
0.0179995
0.0179989
0.0179991
0.0179993
0.0179985
0.0179989
0.0179984
0.0179998
0.0179989
0.0180003
0.0179979
0.017999
0.0179984
0.0179997
0.0179982
0.0179986
0.0179998
0.0179999
0.0179984
0.0180004
0.0179993
