0.0179655
0.0174476
0.0169848
0.0173438
0.0173902
0.0175148
0.0174466
0.0174802
0.017427
0.0174495
0.0174257
0.0174397
0.0174244
0.017436
0.0174313
0.0174316
0.0174229
0.0174283
0.0174164
0.017424
0.0174206
0.0174284
0.0174201
0.0174232
0.0174148
0.0174258
0.0174232
0.0174192
0.0174209
0.017425
0.0174191
0.0174187
0.0174218
0.017424
0.017423
0.0174187
0.0174206
0.0174166
0.017425
0.0174195
0.0179655
0.0175714
0.0170098
0.0173627
0.0173702
0.017526
0.0174467
0.0174913
0.0174368
0.0174652
0.017429
0.0174467
0.0174284
0.0174417
0.0174313
0.017434
0.0174303
0.017432
0.0174337
0.0174312
0.0174239
0.017432
0.0174263
0.0174243
0.0174267
0.0174238
0.0174268
0.0174227
0.0174191
0.017426
0.0174215
0.0174201
0.0174263
0.0174245
0.0174286
0.0174249
0.0174169
0.0174192
0.0174204
0.0174245
0.0179655
0.0175993
0.017114
0.0174441
0.0174361
0.0175791
0.0174981
0.0175446
0.017487
0.0175172
0.0174957
0.0175111
0.017494
0.0174988
0.0174909
0.0174968
0.017494
0.0174931
0.0174931
0.0174907
0.0174916
0.0174942
0.0174951
0.0174923
0.017484
0.0174821
0.0174853
0.0174845
0.0174867
0.0174797
0.017486
0.0174809
0.0174859
0.0174779
0.0174798
0.0174767
0.0174761
0.0174724
0.0174731
0.0174662
