0.0180379
0.0170381
0.0171582
0.0160017
0.0170319
0.016567
0.0170127
0.0169328
0.0171816
0.0170664
0.0171668
0.0170903
0.0171391
0.0170829
0.0171047
0.0170664
0.0170725
0.0170532
0.0170635
0.0170393
0.0170318
0.0170098
0.0169868
0.0169796
0.0169813
0.0169661
0.016956
0.0169385
0.0169344
0.0169239
0.0169053
0.0168974
0.016876
0.0168487
0.0168512
0.0168332
0.016821
0.0168176
0.0168026
0.0168062
0.0180379
0.0170838
0.0172773
0.0159082
0.0171211
0.0165366
0.0171239
0.0169507
0.01725
0.0171008
0.0172276
0.0171361
0.017198
0.0171325
0.0171551
0.017128
0.0171349
0.0171136
0.0171071
0.0170978
0.0170962
0.017078
0.0170808
0.01706
0.0170611
0.0170436
0.0170404
0.0170277
0.017013
0.0169887
0.0169886
0.0169616
0.0169734
0.0169567
0.0169322
0.0169321
0.0169171
0.0169272
0.0168877
0.0168878
0.0180379
0.017259
0.0175189
0.0162265
0.0173941
0.0170248
0.0174466
0.0173158
0.0175697
0.0174733
0.0175729
0.0175174
0.017563
0.017525
0.017552
0.0175339
0.0175337
0.0175272
0.0175307
0.0175232
0.0175263
0.0175165
0.0175064
0.0175029
0.0174963
0.0175012
0.0174937
0.0174927
0.0174843
0.0174874
0.0174712
0.0174767
0.0174622
0.0174673
0.0174597
0.0174656
0.0174529
0.0174534
0.0174442
0.0174373
