0.0179156
0.0172915
0.0153339
0.0170619
0.0161561
0.0169469
0.0167973
0.0170551
0.0169439
0.0170588
0.0170033
0.0170605
0.0170458
0.0170792
0.017068
0.0170928
0.017089
0.0170998
0.017101
0.0171209
0.0171119
0.0171515
0.0171572
0.0171617
0.0171612
0.0171755
0.0171783
0.0171864
0.0171865
0.0171872
0.0171928
0.0172154
0.0172242
0.0172332
0.017236
0.0172453
0.0172522
0.0172585
0.0172597
0.0172691
0.0179156
0.0173166
0.0149609
0.0170998
0.0159465
0.0169508
0.0166712
0.0170234
0.0168629
0.0170245
0.0169488
0.0170278
0.0169856
0.0170334
0.0170204
0.0170486
0.0170411
0.0170545
0.017077
0.0170715
0.0170785
0.0170908
0.0170895
0.017103
0.0170991
0.01711
0.0171155
0.0171311
0.017135
0.0171544
0.0171519
0.0171729
0.0171678
0.0171751
0.0171912
0.0171784
0.0171946
0.0172104
0.0172125
0.0172218
0.0179156
0.0173252
0.0142367
0.0170498
0.0156036
0.0167899
0.0163042
0.0167478
0.0164756
0.0166788
0.0165401
0.0166603
0.0165829
0.0166511
0.0166102
0.016635
0.0166253
0.0166421
0.0166363
0.016649
0.016655
0.0166606
0.0166744
0.0166707
0.0166932
0.0166756
0.0166985
0.0166749
0.0166955
0.0166826
0.0167135
0.0166911
0.0167154
0.0167047
0.0167259
0.0167233
0.0167394
0.0167327
0.0167414
0.0167578
