0.0179977
0.0159546
0.0173618
0.016611
0.0172587
0.0171294
0.0173609
0.0172206
0.0173119
0.0172134
0.0172618
0.0172058
0.0172476
0.0172182
0.0172307
0.0172064
0.0172129
0.0171887
0.0172073
0.017187
0.0171849
0.0171707
0.0171733
0.0171601
0.0171697
0.0171592
0.0171509
0.017154
0.0171465
0.0171469
0.0171493
0.0171229
0.0171247
0.0171253
0.0171138
0.0171109
0.0171047
0.0170981
0.0170989
0.0171056
0.0179977
0.0155908
0.0174576
0.0165472
0.0173076
0.0171203
0.0174005
0.0172253
0.0173495
0.0172212
0.0173028
0.0172433
0.0172784
0.0172417
0.0172595
0.0172346
0.0172377
0.0172368
0.0172234
0.0172244
0.0172284
0.0172114
0.0172159
0.0172074
0.017205
0.0172029
0.0171856
0.0171843
0.0171823
0.0171636
0.0171851
0.0171557
0.0171623
0.0171637
0.0171607
0.0171604
0.0171412
0.0171295
0.0171225
0.0171327
0.0179977
0.0159821
0.0175602
0.0168819
0.0174886
0.0173175
0.0175561
0.0174258
0.0175319
0.0174547
0.0175091
0.0174742
0.0175036
0.017471
0.0174821
0.0174757
0.0174786
0.0174759
0.0174677
0.0174658
0.017466
0.0174656
0.0174599
0.0174603
0.0174487
0.0174536
0.0174512
0.0174512
0.0174437
0.0174511
0.0174329
0.0174431
0.0174248
0.0174357
0.017429
0.0174287
0.017434
0.0174206
0.0174201
0.017411
