0.0179655
0.0171521
0.01406
0.016684
0.0150816
0.0162549
0.0157888
0.0161967
0.0158483
0.0160424
0.0158347
0.0159557
0.0158397
0.0159269
0.0158531
0.0159007
0.0158535
0.0158983
0.0158613
0.0158729
0.015839
0.0158797
0.0158465
0.0158816
0.0158437
0.0158634
0.0158508
0.0158625
0.0158653
0.0158642
0.015855
0.0158713
0.015852
0.0158672
0.015858
0.0158556
0.0158735
0.0158437
0.0158673
0.0158394
0.0179655
0.0173647
0.0135121
0.0169407
0.0150015
0.0163817
0.0157181
0.0162521
0.0158471
0.0160992
0.0158311
0.0160034
0.0158599
0.0159421
0.0158818
0.0159266
0.0158841
0.0159043
0.0158847
0.0158861
0.0158848
0.015901
0.015858
0.0158826
0.0158792
0.0158716
0.0158814
0.0158708
0.015856
0.0158857
0.0158502
0.0158746
0.0158629
0.0158694
0.0158661
0.0158743
0.015862
0.0158647
0.0158457
0.0158586
0.0179655
0.0173764
0.0140173
0.0170414
0.0152994
0.0165718
0.0159089
0.0164633
0.0160498
0.0163096
0.0160705
0.0162149
0.0160963
0.0161735
0.0161044
0.0161505
0.0161248
0.0161157
0.0161166
0.016121
0.0161151
0.0161112
0.0161074
0.0160933
0.0160988
0.0160885
0.0160969
0.0160841
0.0161011
0.0160685
0.0161124
0.0160695
0.0160879
0.016055
0.0160712
0.0160548
0.0160517
0.0160649
0.0160391
0.0160418
