0.0179393
0.015202
0.0171426
0.0160266
0.0170795
0.0168138
0.0170977
0.0169231
0.0170236
0.0169208
0.0169871
0.0169341
0.0169806
0.0169553
0.0169902
0.0169705
0.0169967
0.0169741
0.0169867
0.0169823
0.017005
0.0170064
0.0170251
0.0170123
0.0170198
0.0170258
0.0170326
0.0170346
0.0170347
0.0170308
0.0170551
0.0170465
0.0170543
0.0170599
0.017067
0.0170823
0.0170671
0.0170791
0.0170784
0.017093
0.0179393
0.014797
0.0173209
0.0159366
0.0171393
0.0167389
0.0171009
0.0168809
0.017017
0.0168884
0.0169817
0.0169098
0.0169632
0.0169317
0.0169668
0.0169471
0.0169769
0.0169583
0.0169675
0.0169733
0.0169769
0.0169682
0.0169825
0.0169809
0.0169855
0.0169944
0.016996
0.0169943
0.0170157
0.017007
0.0170307
0.0170084
0.0170181
0.0170362
0.0170291
0.0170387
0.0170448
0.0170368
0.0170517
0.0170584
0.0179393
0.0146089
0.0173476
0.0159067
0.0171356
0.016632
0.0170621
0.0167623
0.0169305
0.0167676
0.0168713
0.0167873
0.01684
0.0168002
0.0168173
0.0168178
0.0168158
0.016814
0.0168191
0.0168212
0.0168163
0.0168262
0.0168159
0.0168331
0.0168287
0.0168352
0.0168155
0.0168364
0.0168195
0.0168539
0.0168245
0.0168397
0.0168293
0.0168398
0.0168324
0.0168416
0.0168386
0.0168318
0.0168498
0.0168386
