0.0180836
0.0178865
0.0179808
0.0180598
0.0180262
0.018051
0.0180364
0.0180444
0.0180363
0.0180421
0.0180369
0.0180403
0.0180372
0.0180396
0.0180377
0.0180385
0.0180378
0.0180382
0.0180382
0.0180385
0.018037
0.0180375
0.0180379
0.0180389
0.0180374
0.0180392
0.0180383
0.0180382
0.0180379
0.0180378
0.0180375
0.018038
0.0180383
0.018038
0.018038
0.0180368
0.0180379
0.0180379
0.0180376
0.0180376
0.0180836
0.0179302
0.01797
0.0180645
0.0180218
0.0180533
0.018037
0.0180464
0.0180358
0.0180433
0.0180369
0.0180419
0.018036
0.0180402
0.018038
0.018039
0.0180379
0.0180382
0.0180392
0.0180384
0.0180377
0.0180386
0.0180374
0.018039
0.0180386
0.018037
0.0180377
0.0180385
0.0180376
0.018038
0.0180373
0.0180398
0.0180391
0.0180386
0.0180379
0.0180378
0.0180374
0.0180372
0.0180383
0.0180389
0.0180836
0.0179484
0.0179859
0.0180657
0.0180286
0.0180575
0.0180388
0.018051
0.0180397
0.0180467
0.0180417
0.0180447
0.0180409
0.0180436
0.0180429
0.0180435
0.0180437
0.0180433
0.0180419
0.0180431
0.0180432
0.0180428
0.0180439
0.0180429
0.0180436
0.0180423
0.0180425
0.018042
0.0180438
0.0180409
0.0180432
0.018041
0.0180434
0.0180399
0.0180421
0.0180431
0.0180414
0.0180423
0.0180412
0.0180415
