0.0179977
0.0177184
0.0176638
0.0179192
0.0178759
0.0179159
0.0178953
0.0179072
0.0178932
0.0179031
0.0178952
0.0179018
0.0178966
0.0178984
0.0178944
0.0178936
0.0178928
0.0178963
0.0178924
0.0178938
0.0178919
0.0178891
0.0178888
0.0178907
0.017887
0.0178883
0.0178866
0.0178876
0.0178872
0.0178857
0.0178848
0.0178854
0.0178831
0.0178853
0.0178834
0.0178799
0.0178828
0.0178824
0.0178824
0.0178792
0.0179977
0.0177329
0.0176413
0.017927
0.0178697
0.0179197
0.0178975
0.0179135
0.0178979
0.0179077
0.0178984
0.0179049
0.0178992
0.0179019
0.0178974
0.0179005
0.0178974
0.0179
0.0178968
0.0178971
0.0178948
0.0178976
0.017894
0.0178955
0.0178938
0.0178917
0.0178935
0.0178893
0.0178893
0.0178927
0.0178893
0.0178911
0.0178922
0.0178902
0.0178894
0.0178878
0.0178844
0.0178853
0.0178836
0.0178822
0.0179977
0.0177754
0.0177437
0.017948
0.0178957
0.0179415
0.0179196
0.0179369
0.0179218
0.0179348
0.0179266
0.0179325
0.0179279
0.0179298
0.0179283
0.0179297
0.0179286
0.0179278
0.0179268
0.0179277
0.0179265
0.0179263
0.0179262
0.0179257
0.0179265
0.0179256
0.0179264
0.0179248
0.0179242
0.0179228
0.0179247
0.0179232
0.0179244
0.017922
0.0179237
0.0179242
0.017923
0.0179226
0.0179213
0.0179194
