0.0181288
0.0179671
0.0180658
0.0181125
0.0180945
0.0181096
0.0181019
0.0181078
0.0181028
0.0181068
0.0181054
0.0181071
0.0181061
0.0181068
0.018106
0.0181067
0.018107
0.0181064
0.0181066
0.0181072
0.0181076
0.0181083
0.0181081
0.0181083
0.0181088
0.0181089
0.0181095
0.0181092
0.0181095
0.0181097
0.0181091
0.0181092
0.0181096
0.01811
0.0181106
0.0181105
0.0181097
0.0181103
0.0181115
0.0181108
0.0181288
0.0179836
0.0180562
0.0181145
0.0180885
0.0181086
0.0180996
0.018107
0.0181028
0.0181066
0.0181042
0.0181065
0.0181048
0.0181057
0.0181061
0.0181071
0.0181065
0.0181065
0.0181072
0.0181066
0.0181064
0.0181074
0.018107
0.0181079
0.0181071
0.0181069
0.0181074
0.0181081
0.018108
0.0181089
0.0181083
0.018109
0.0181092
0.018109
0.0181089
0.018109
0.0181092
0.0181095
0.0181087
0.01811
0.0181288
0.0180136
0.0180422
0.0181117
0.0180825
0.0181051
0.0180912
0.0181017
0.0180941
0.0180994
0.0180964
0.0180981
0.0180961
0.0180996
0.0180974
0.018099
0.0180977
0.0180967
0.0180975
0.0180992
0.018099
0.0180979
0.0180988
0.0180982
0.018099
0.0180982
0.018099
0.0180981
0.0181
0.0180985
0.018101
0.0180995
0.0180995
0.0180994
0.0180995
0.0180993
0.0181004
0.0181001
0.0181006
0.0181007
