0.0180919
0.0179703
0.0180287
0.0180816
0.0180594
0.0180791
0.0180648
0.0180771
0.0180678
0.0180752
0.0180682
0.0180735
0.0180709
0.0180734
0.0180717
0.0180738
0.0180717
0.018072
0.0180711
0.0180721
0.0180711
0.0180713
0.0180707
0.0180718
0.0180722
0.0180712
0.0180714
0.0180715
0.0180718
0.018072
0.0180709
0.0180718
0.0180711
0.018071
0.0180723
0.0180711
0.0180708
0.0180721
0.0180716
0.0180711
0.0185516
0.0183839
0.0184878
0.0185428
0.0185223
0.0185397
0.0185289
0.0185377
0.01853
0.018536
0.01853
0.0185352
0.0185319
0.0185343
0.0185316
0.0185343
0.0185324
0.0185342
0.0185322
0.0185335
0.0185324
0.0185335
0.0185328
0.0185323
0.0185336
0.0185331
0.0185327
0.0185336
0.0185329
0.0185334
0.0185336
0.0185333
0.0185338
0.0185332
0.0185337
0.0185331
0.0185329
0.018533
0.0185333
0.0185322
