0.0179242
0.0178717
0.0179148
0.0179177
0.0179161
0.0179176
0.0179169
0.0179181
0.0179172
0.0179165
0.0179154
0.0179176
0.0179173
0.0179166
0.017918
0.0179169
0.0179163
0.0179168
0.0179165
0.0179171
0.0179168
0.0179164
0.0179182
0.017916
0.0179156
0.0179173
0.0179171
0.0179162
0.0179169
0.0179176
0.0179162
0.0179176
0.0179166
0.0179174
0.0179167
0.0179163
0.0179178
0.017916
0.0179166
0.0179155
0.0183968
0.0182801
0.0183856
0.018387
0.0183866
0.0183867
0.0183874
0.0183874
0.0183864
0.0183867
0.0183868
0.0183867
0.0183871
0.018386
0.0183877
0.0183879
0.0183872
0.0183878
0.0183874
0.0183858
0.018387
0.0183872
0.0183868
0.018387
0.0183876
0.018387
0.0183872
0.0183875
0.0183868
0.0183867
0.0183876
0.0183868
0.0183861
0.0183871
0.0183866
0.0183863
0.0183864
0.0183872
0.0183876
0.0183872
