0.0179799
0.0171217
0.0176821
0.0175068
0.0177376
0.0177556
0.0178516
0.0178105
0.0178674
0.017839
0.0178709
0.0178523
0.0178685
0.0178577
0.0178655
0.0178611
0.0178654
0.0178605
0.0178673
0.017863
0.0178677
0.0178669
0.0178721
0.0178669
0.0178677
0.0178666
0.0178705
0.0178684
0.0178722
0.0178705
0.0178722
0.0178726
0.017873
0.0178724
0.0178708
0.0178744
0.0178702
0.0178728
0.0178723
0.0178741
0.0184346
0.0173615
0.018185
0.0179794
0.0182165
0.0182307
0.0183269
0.0183008
0.0183464
0.0183255
0.0183511
0.0183394
0.0183552
0.018345
0.0183582
0.0183492
0.0183544
0.0183504
0.0183539
0.0183471
0.0183498
0.0183514
0.0183522
0.0183539
0.0183544
0.0183548
0.0183534
0.0183559
0.0183547
0.0183549
0.018353
0.018355
0.0183523
0.0183548
0.0183526
0.0183569
0.018357
0.0183568
0.0183551
0.0183573
