0.0180463
0.0179006
0.0179731
0.0180403
0.018012
0.0180361
0.0180163
0.0180318
0.0180202
0.018029
0.0180222
0.0180284
0.018024
0.018026
0.0180235
0.0180258
0.0180235
0.0180251
0.0180234
0.0180246
0.0180238
0.0180261
0.0180243
0.0180249
0.0180241
0.0180251
0.0180247
0.0180257
0.0180247
0.0180254
0.0180239
0.0180249
0.0180247
0.0180237
0.0180255
0.0180248
0.0180257
0.0180254
0.0180249
0.0180242
0.0185064
0.0183403
0.0184312
0.0185022
0.0184762
0.0184988
0.0184833
0.0184959
0.0184842
0.0184927
0.0184848
0.0184911
0.0184856
0.01849
0.018487
0.018489
0.0184877
0.0184897
0.0184874
0.0184897
0.0184888
0.0184886
0.0184874
0.0184886
0.0184888
0.0184882
0.0184887
0.0184895
0.0184885
0.0184894
0.0184883
0.0184887
0.018489
0.0184885
0.0184884
0.0184886
0.0184886
0.0184888
0.0184887
0.0184889
