0.0180919
0.017924
0.0170335
0.0179546
0.017894
0.017927
0.0179679
0.0180457
0.0180189
0.0180488
0.0180303
0.0180479
0.0180349
0.0180462
0.0180352
0.018043
0.0180393
0.0180426
0.0180422
0.0180435
0.0180388
0.0180414
0.0180397
0.0180391
0.018039
0.0180402
0.018039
0.018039
0.0180408
0.0180389
0.0180386
0.0180396
0.0180391
0.0180404
0.0180392
0.0180409
0.0180385
0.0180384
0.0180405
0.0180386
0.0185516
0.0183649
0.0180886
0.018341
0.018302
0.0183451
0.0184364
0.0185088
0.0184853
0.0185114
0.0184959
0.018509
0.0184995
0.0185074
0.0184996
0.0185047
0.018502
0.0185053
0.0185008
0.0185044
0.018504
0.0185041
0.0185019
0.0185028
0.0185027
0.018502
0.018502
0.0185029
0.0185027
0.0185029
0.0185018
0.0185045
0.018503
0.0185037
0.0185027
0.0185025
0.0185025
0.0185025
0.0185037
0.0185025
