0.0179799
0.0173342
0.0174968
0.0166398
0.0174062
0.0170697
0.0174559
0.0174068
0.0176006
0.0175221
0.0176374
0.0175759
0.0176293
0.0175932
0.0176225
0.0176038
0.0176208
0.0176078
0.01762
0.0176192
0.0176304
0.0176227
0.017629
0.0176244
0.0176357
0.0176337
0.017639
0.0176348
0.017643
0.0176379
0.0176444
0.017641
0.0176485
0.0176462
0.0176447
0.0176479
0.0176417
0.0176467
0.0176465
0.0176496
0.0184346
0.0178764
0.0180337
0.0168593
0.0179479
0.0175841
0.0179893
0.017954
0.0181277
0.0180752
0.0181628
0.0181216
0.0181758
0.0181488
0.0181847
0.018163
0.0181868
0.0181656
0.0181744
0.0181625
0.0181736
0.0181657
0.0181709
0.0181766
0.0181768
0.0181796
0.0181809
0.0181842
0.0181813
0.0181825
0.0181806
0.0181823
0.0181786
0.018183
0.0181807
0.0181855
0.0181841
0.0181905
0.0181881
0.0181903
