0.0180061
0.0177613
0.0175458
0.0177862
0.0177851
0.0178775
0.0178359
0.0178845
0.0178598
0.0178805
0.0178651
0.0178829
0.0178748
0.0178823
0.0178763
0.017883
0.0178802
0.017882
0.0178795
0.0178785
0.0178743
0.0178783
0.0178761
0.0178758
0.0178748
0.0178731
0.0178752
0.0178754
0.0178731
0.0178752
0.0178744
0.0178749
0.0178748
0.0178742
0.0178753
0.0178737
0.0178712
0.0178725
0.0178732
0.0178689
0.0184661
0.0180779
0.01791
0.0181741
0.0182651
0.0183463
0.0183105
0.0183471
0.0183263
0.0183483
0.0183324
0.0183508
0.0183327
0.0183436
0.0183328
0.018343
0.0183364
0.0183422
0.0183384
0.0183442
0.0183421
0.0183397
0.0183405
0.0183393
0.0183384
0.0183368
0.0183388
0.0183375
0.0183372
0.0183371
0.0183391
0.0183399
0.0183424
0.0183383
0.0183391
0.0183373
0.0183381
0.0183343
0.0183375
0.0183362
