0.0181372
0.0180872
0.0180911
0.0179679
0.018058
0.0181162
0.0180928
0.018114
0.0180973
0.0181102
0.0180995
0.0181099
0.0181013
0.0181087
0.0181034
0.0181079
0.0181057
0.0181067
0.0181044
0.0181055
0.018105
0.018105
0.0181056
0.0181054
0.0181031
0.0181022
0.0181063
0.0181042
0.0181052
0.0181061
0.0181057
0.0181063
0.0181034
0.0181034
0.0181047
0.0181064
0.018105
0.0181062
0.0181061
0.0181061
0.018596
0.018513
0.0185156
0.0184111
0.0185192
0.0185802
0.018558
0.018577
0.0185631
0.0185746
0.0185642
0.0185741
0.0185673
0.0185729
0.0185683
0.0185712
0.018569
0.0185711
0.0185714
0.0185701
0.0185679
0.0185705
0.0185692
0.0185712
0.0185699
0.0185708
0.018571
0.0185695
0.0185716
0.0185715
0.0185714
0.0185725
0.018571
0.0185689
0.0185702
0.0185715
0.0185695
0.018571
0.0185718
0.0185701
