0.0179242
0.0176476
0.0176662
0.0178878
0.0178049
0.0178731
0.0178221
0.0178633
0.0178276
0.0178551
0.0178327
0.0178507
0.0178366
0.0178483
0.0178396
0.0178481
0.0178406
0.0178453
0.0178401
0.0178459
0.0178427
0.0178467
0.0178412
0.0178455
0.0178429
0.0178425
0.0178436
0.0178449
0.0178431
0.0178451
0.0178455
0.0178439
0.0178445
0.0178443
0.0178455
0.0178431
0.0178468
0.0178466
0.0178448
0.0178439
0.0183968
0.0181011
0.0180667
0.0183645
0.0182812
0.0183505
0.0183073
0.0183402
0.0183089
0.0183337
0.0183132
0.018331
0.0183152
0.0183284
0.0183177
0.018326
0.0183206
0.0183259
0.0183234
0.0183237
0.018321
0.0183246
0.0183236
0.0183237
0.0183254
0.0183245
0.0183247
0.0183246
0.0183245
0.0183234
0.0183237
0.018325
0.0183251
0.0183226
0.0183245
0.0183233
0.0183227
0.0183226
0.0183247
0.0183258
