0.0180463
0.0177555
0.0163701
0.0177791
0.017469
0.0177523
0.0177145
0.0179085
0.0178321
0.0179182
0.0178648
0.0179175
0.01788
0.0179117
0.0178922
0.0179084
0.017897
0.017905
0.0178974
0.0179052
0.0178964
0.0179005
0.0178944
0.0178992
0.0178946
0.0178953
0.017894
0.0178937
0.0178905
0.0178927
0.0178922
0.017895
0.0178916
0.0178912
0.0178904
0.0178921
0.0178933
0.0178879
0.0178913
0.0178876
0.0185064
0.0181547
0.0174388
0.0181425
0.0178963
0.0181993
0.0181894
0.018375
0.0183045
0.0183867
0.0183376
0.0183849
0.0183461
0.0183784
0.0183527
0.0183711
0.0183541
0.0183671
0.0183572
0.0183687
0.0183621
0.0183671
0.0183636
0.0183618
0.0183627
0.0183604
0.0183584
0.0183588
0.0183575
0.0183585
0.0183634
0.0183619
0.0183613
0.0183602
0.0183615
0.0183583
0.0183576
0.0183551
0.0183594
0.0183551
