0.0179739
0.015214
0.017522
0.0164121
0.0174521
0.0170114
0.0174828
0.0171599
0.0174173
0.0172008
0.0173709
0.0172331
0.0173449
0.0172724
0.0173367
0.017289
0.0173227
0.0172826
0.017323
0.0172807
0.0173148
0.017284
0.0173112
0.0172896
0.0173044
0.0172832
0.017293
0.0172857
0.0172911
0.0172865
0.0172834
0.0172905
0.017286
0.0172889
0.0172873
0.0172973
0.0172824
0.0172876
0.0172835
0.0172868
0.0184334
0.0158602
0.0179088
0.0168238
0.0178395
0.0175172
0.0179725
0.0176651
0.0179171
0.0176862
0.0178674
0.0177137
0.0178386
0.0177323
0.0178187
0.0177474
0.0177964
0.0177607
0.0177992
0.0177775
0.0177878
0.0177826
0.0177816
0.0177793
0.0177703
0.0177791
0.017771
0.0177751
0.0177697
0.0177742
0.0177816
0.0177767
0.0177799
0.01778
0.0177663
0.0177737
0.0177692
0.0177713
0.0177575
0.0177666
