0.017948
0.0179277
0.0179461
0.0179475
0.0179466
0.0179442
0.0179459
0.0179421
0.0179463
0.0179474
0.0179456
0.0179441
0.017946
0.0179478
0.0179434
0.0179466
0.0179469
0.0179451
0.0179487
0.017949
0.0179459
0.0179471
0.0179458
0.0179459
0.0179466
0.0179447
0.017945
0.0179455
0.0179475
0.0179491
0.0179448
0.0179483
0.0179458
0.0179456
0.0179492
0.0179471
0.0179458
0.0179448
0.0179472
0.0179483
0.0184123
0.0183585
0.0184087
0.0184095
0.018409
0.0184108
0.018411
0.0184082
0.0184114
0.0184107
0.0184099
0.0184103
0.01841
0.0184078
0.0184115
0.0184102
0.0184106
0.0184111
0.0184099
0.018412
0.018405
0.0184125
0.0184095
0.018407
0.0184102
0.0184102
0.0184114
0.0184106
0.0184104
0.0184078
0.0184067
0.0184121
0.0184079
0.0184093
0.0184095
0.0184113
0.0184098
0.0184105
0.0184122
0.0184096
