0.0179567
0.0175439
0.0173675
0.0176325
0.0176856
0.0177982
0.0177463
0.0178021
0.0177629
0.0177962
0.0177754
0.0177964
0.0177767
0.0177911
0.0177828
0.0177908
0.0177856
0.0177901
0.0177861
0.0177936
0.0177904
0.0177934
0.0177911
0.01779
0.0177891
0.0177979
0.0177927
0.017797
0.0177934
0.0177967
0.0177978
0.0177955
0.0177939
0.0177938
0.0177951
0.0177925
0.0177976
0.0177946
0.0177967
0.0177968
0.0184129
0.0180656
0.017823
0.0180942
0.0181565
0.0182766
0.0182335
0.0182806
0.0182485
0.0182817
0.0182619
0.0182812
0.0182668
0.0182813
0.0182723
0.0182798
0.0182739
0.0182785
0.0182756
0.0182777
0.0182771
0.0182768
0.018279
0.0182788
0.0182824
0.0182788
0.0182788
0.0182823
0.0182801
0.018279
0.018278
0.0182778
0.0182802
0.0182791
0.0182815
0.0182826
0.0182817
0.0182813
0.0182844
0.0182814
