0.0179242
0.0172615
0.0140037
0.0170483
0.0153487
0.0168989
0.0160703
0.0167854
0.0162081
0.016663
0.0162746
0.0165738
0.0163219
0.0165183
0.0163627
0.0164701
0.0163899
0.0164631
0.0163923
0.0164726
0.0164144
0.0164667
0.0164311
0.0164595
0.0164368
0.0164627
0.0164449
0.0164675
0.0164495
0.0164778
0.0164589
0.016471
0.0164546
0.0164567
0.0164721
0.0164486
0.0164857
0.0164668
0.0164763
0.0164788
0.0183968
0.0178428
0.0142364
0.0176108
0.0158098
0.0173855
0.0166671
0.017356
0.0168173
0.0172523
0.0168771
0.0171922
0.0169352
0.0171488
0.0169863
0.0171156
0.0170201
0.0170903
0.0170151
0.0170799
0.0170439
0.0170641
0.017065
0.01707
0.0170741
0.0170729
0.0170795
0.017081
0.0170748
0.0170728
0.01707
0.0170722
0.017072
0.0170622
0.0170799
0.0170736
0.0170904
0.0170809
0.0170857
0.0170834
