0.0180919
0.0180919
0.0180919
0.0180919
0.0180919
0.0180919
0.0180919
0.0180919
0.0180919
0.0180919
0.0180919
0.0180919
0.0180919
0.0180919
0.0180919
0.0180919
0.0180919
0.0180919
0.0180919
0.0180919
0.0180919
0.0180919
0.0180919
0.0180919
0.0180919
0.0180919
0.0180919
0.0180919
0.0180919
0.0180919
0.0180919
0.0180919
0.0180919
0.0180919
0.0180919
0.0180919
0.0180919
0.0180919
0.0180919
0.0180919
0.0185516
0.0185516
0.0185516
0.0185516
0.0185516
0.0185516
0.0185516
0.0185516
0.0185516
0.0185516
0.0185516
0.0185516
0.0185516
0.0185516
0.0185516
0.0185516
0.0185516
0.0185516
0.0185516
0.0185516
0.0185516
0.0185516
0.0185516
0.0185516
0.0185516
0.0185516
0.0185516
0.0185516
0.0185516
0.0185516
0.0185516
0.0185516
0.0185516
0.0185516
0.0185516
0.0185516
0.0185516
0.0185516
0.0185516
0.0185516
