0.0181372
0.0178873
0.0180531
0.0176882
0.0180652
0.0180643
0.0179499
0.018039
0.0180987
0.018074
0.0180971
0.0180789
0.0180937
0.0180811
0.0180911
0.0180825
0.0180903
0.0180878
0.0180894
0.018087
0.0180887
0.0180866
0.0180893
0.0180886
0.0180874
0.0180895
0.0180876
0.0180872
0.0180841
0.0180909
0.0180875
0.0180868
0.0180884
0.0180876
0.0180914
0.0180856
0.0180859
0.0180871
0.0180891
0.0180871
0.018596
0.0184749
0.0185169
0.018405
0.0184938
0.0184933
0.0183928
0.0185007
0.0185632
0.0185398
0.0185604
0.0185467
0.0185586
0.0185477
0.0185574
0.0185514
0.0185561
0.018552
0.0185548
0.0185532
0.0185549
0.0185559
0.0185542
0.0185518
0.0185543
0.018553
0.0185545
0.0185524
0.0185557
0.0185536
0.0185523
0.0185582
0.0185556
0.0185557
0.0185581
0.0185548
0.0185519
0.0185532
0.0185553
0.0185549
