0.0179739
0.0179739
0.0179739
0.0179739
0.0179739
0.0179739
0.0179739
0.0179739
0.0179739
0.0179739
0.0179739
0.0179739
0.0179739
0.0179739
0.0179739
0.0179739
0.0179739
0.0179739
0.0179739
0.0179739
0.0179739
0.0179739
0.0179739
0.0179739
0.0179739
0.0179739
0.0179739
0.0179739
0.0179739
0.0179739
0.0179739
0.0179739
0.0179739
0.0179739
0.0179739
0.0179739
0.0179739
0.0179739
0.0179739
0.0179739
0.0184334
0.0184334
0.0184334
0.0184334
0.0184334
0.0184334
0.0184334
0.0184334
0.0184334
0.0184334
0.0184334
0.0184334
0.0184334
0.0184334
0.0184334
0.0184334
0.0184334
0.0184334
0.0184334
0.0184334
0.0184334
0.0184334
0.0184334
0.0184334
0.0184334
0.0184334
0.0184334
0.0184334
0.0184334
0.0184334
0.0184334
0.0184334
0.0184334
0.0184334
0.0184334
0.0184334
0.0184334
0.0184334
0.0184334
0.0184334
