0.0179567
0.0161455
0.0174664
0.0169034
0.017522
0.0173752
0.0176607
0.0174933
0.0176525
0.0175404
0.0176399
0.017571
0.0176225
0.0175754
0.0176069
0.0175888
0.0176071
0.01759
0.0176096
0.0175993
0.0176133
0.0176063
0.0176138
0.0176051
0.0176067
0.0176053
0.017619
0.0176099
0.017618
0.0176134
0.017616
0.0176177
0.0176135
0.0176143
0.0176095
0.0176201
0.0176128
0.017621
0.0176181
0.0176235
0.0184129
0.0161724
0.0180102
0.0173494
0.0180042
0.0178778
0.0181599
0.0180301
0.0181599
0.0180664
0.0181525
0.0180935
0.0181498
0.0181089
0.018141
0.01812
0.0181377
0.01812
0.0181365
0.0181213
0.0181301
0.0181336
0.0181286
0.0181373
0.0181348
0.0181398
0.0181355
0.0181372
0.0181378
0.0181354
0.018134
0.0181352
0.0181339
0.0181384
0.0181339
0.0181421
0.018142
0.0181408
0.0181377
0.018146
