0.0179739
0.0164913
0.0168714
0.0130265
0.0164632
0.0142621
0.0160338
0.0149196
0.0158468
0.0151262
0.0156882
0.0152289
0.0156292
0.0153529
0.0155567
0.0153996
0.015531
0.015417
0.015516
0.0153982
0.0154881
0.0153936
0.0154658
0.0154095
0.0154528
0.0154003
0.0154274
0.0153828
0.0154096
0.0153842
0.0153941
0.0154042
0.0153903
0.0154036
0.0153907
0.0153961
0.015372
0.0153931
0.01539
0.0153764
0.0184334
0.0170038
0.0173119
0.0137095
0.0169089
0.0147115
0.0164319
0.0154311
0.0163598
0.0156073
0.0161985
0.015676
0.0160886
0.0157274
0.0160105
0.0157737
0.0159568
0.0158074
0.0159388
0.0158613
0.0159236
0.0158787
0.0158924
0.0158916
0.015858
0.0158722
0.0158427
0.0158546
0.0158451
0.0158588
0.0158789
0.0158757
0.0158657
0.0158781
0.0158618
0.0158525
0.0158243
0.015842
0.0158268
0.0158404
