0.0179739
0.017625
0.0172046
0.0176132
0.0175605
0.01772
0.0176199
0.0177043
0.0176386
0.0176863
0.0176433
0.0176818
0.01766
0.0176779
0.0176621
0.0176733
0.0176644
0.0176758
0.0176657
0.0176711
0.0176651
0.0176691
0.0176637
0.0176661
0.0176597
0.0176617
0.01766
0.0176638
0.017663
0.0176611
0.0176607
0.0176605
0.0176656
0.0176616
0.0176665
0.0176623
0.0176601
0.0176591
0.0176584
0.0176502
0.0184334
0.0180039
0.0175889
0.017997
0.0180398
0.0181952
0.0181096
0.0181776
0.0181068
0.018161
0.0181149
0.0181529
0.0181164
0.0181451
0.0181203
0.0181396
0.0181269
0.0181411
0.0181312
0.0181408
0.018133
0.0181352
0.0181356
0.0181284
0.0181319
0.018128
0.018133
0.0181312
0.0181307
0.0181331
0.0181351
0.0181347
0.0181364
0.0181291
0.0181314
0.0181286
0.0181332
0.0181258
0.0181283
0.0181279
