0.0180463
0.0172339
0.0176485
0.0160752
0.017608
0.0172961
0.0176218
0.0175798
0.0178
0.0177178
0.0178149
0.0177564
0.01782
0.0177785
0.0178121
0.0177908
0.0178075
0.0177947
0.0178072
0.017797
0.0178026
0.0177909
0.0177941
0.0177886
0.017793
0.0177883
0.0177896
0.017787
0.0177846
0.0177803
0.0177831
0.0177835
0.0177894
0.0177831
0.0177864
0.0177814
0.0177814
0.0177847
0.0177763
0.017776
0.0185064
0.0178887
0.0180699
0.0172149
0.0179943
0.0177203
0.0180612
0.0180527
0.018272
0.0181895
0.0182878
0.0182321
0.018285
0.0182428
0.0182775
0.0182467
0.0182662
0.018248
0.0182634
0.0182539
0.0182661
0.0182585
0.018264
0.0182574
0.018257
0.0182583
0.0182548
0.0182495
0.0182519
0.0182503
0.0182546
0.0182594
0.0182571
0.018255
0.0182536
0.018253
0.0182473
0.0182515
0.0182462
0.0182512
