0.0179242
0.0162169
0.0166031
0.0127788
0.0162033
0.013921
0.0158114
0.0146292
0.0155876
0.0148019
0.0154137
0.014894
0.0152637
0.0149396
0.0151902
0.015
0.0151366
0.0150299
0.0151337
0.015052
0.0151429
0.015083
0.0151418
0.0150914
0.015139
0.0151145
0.015153
0.0151167
0.0151656
0.0151315
0.015169
0.0151263
0.015147
0.0151601
0.0151283
0.0151675
0.0151384
0.0151725
0.015153
0.0151853
0.0183968
0.0169779
0.0172673
0.0130347
0.0168425
0.0144399
0.0163735
0.0153067
0.016229
0.0154836
0.0160822
0.0155669
0.0160108
0.0156607
0.0159396
0.015743
0.0158998
0.0157537
0.0158673
0.015744
0.0158469
0.0158078
0.0158209
0.0158299
0.015839
0.0158523
0.0158446
0.0158562
0.0158641
0.0158412
0.0158292
0.01584
0.0158441
0.0158478
0.0158366
0.0158753
0.0158562
0.0158806
0.015854
0.0158748
