0.017948
0.0175336
0.0169953
0.0175772
0.01748
0.0176329
0.0175071
0.0175946
0.0175074
0.0175603
0.0175146
0.0175539
0.0175193
0.0175468
0.0175278
0.0175453
0.0175276
0.0175481
0.0175282
0.0175394
0.0175364
0.0175455
0.0175317
0.0175386
0.017534
0.0175367
0.0175334
0.0175359
0.0175353
0.0175377
0.0175351
0.0175349
0.0175349
0.0175358
0.017536
0.0175328
0.0175418
0.0175412
0.0175373
0.0175272
0.0184123
0.0179883
0.017398
0.0180132
0.0179635
0.0181212
0.0180147
0.0180873
0.0179963
0.0180538
0.0179986
0.0180455
0.0180054
0.0180412
0.0180164
0.0180303
0.0180152
0.0180351
0.0180206
0.01803
0.0180213
0.0180248
0.0180187
0.0180255
0.0180263
0.0180151
0.0180257
0.0180259
0.0180272
0.0180261
0.0180271
0.0180219
0.0180216
0.0180255
0.0180235
0.0180246
0.0180226
0.0180219
0.0180208
0.0180194
