0.0180463
0.0180463
0.0180463
0.0180463
0.0180463
0.0180463
0.0180463
0.0180463
0.0180463
0.0180463
0.0180463
0.0180463
0.0180463
0.0180463
0.0180463
0.0180463
0.0180463
0.0180463
0.0180463
0.0180463
0.0180463
0.0180463
0.0180463
0.0180463
0.0180463
0.0180463
0.0180463
0.0180463
0.0180463
0.0180463
0.0180463
0.0180463
0.0180463
0.0180463
0.0180463
0.0180463
0.0180463
0.0180463
0.0180463
0.0180463
0.0185064
0.0185064
0.0185064
0.0185064
0.0185064
0.0185064
0.0185064
0.0185064
0.0185064
0.0185064
0.0185064
0.0185064
0.0185064
0.0185064
0.0185064
0.0185064
0.0185064
0.0185064
0.0185064
0.0185064
0.0185064
0.0185064
0.0185064
0.0185064
0.0185064
0.0185064
0.0185064
0.0185064
0.0185064
0.0185064
0.0185064
0.0185064
0.0185064
0.0185064
0.0185064
0.0185064
0.0185064
0.0185064
0.0185064
0.0185064
