0.0180061
0.0178465
0.0178296
0.0179788
0.0179417
0.0179785
0.0179578
0.0179786
0.0179637
0.0179751
0.0179663
0.0179756
0.0179699
0.0179742
0.0179715
0.0179735
0.0179728
0.0179737
0.0179712
0.017972
0.0179711
0.0179725
0.0179714
0.0179719
0.0179702
0.0179708
0.0179716
0.0179707
0.0179713
0.0179719
0.0179712
0.0179711
0.0179722
0.0179706
0.0179709
0.0179704
0.017972
0.017971
0.0179711
0.0179708
0.0184661
0.0181825
0.0182149
0.0184416
0.0184095
0.0184414
0.0184217
0.018439
0.0184282
0.0184375
0.0184308
0.0184371
0.0184302
0.0184359
0.0184317
0.0184347
0.0184325
0.018435
0.0184335
0.0184353
0.0184339
0.0184335
0.0184344
0.0184325
0.018432
0.0184333
0.0184341
0.0184317
0.0184337
0.0184327
0.0184335
0.0184339
0.018434
0.0184333
0.0184331
0.018433
0.018434
0.0184318
0.0184333
0.0184322
