0.0180061
0.0179347
0.017992
0.0180014
0.0179976
0.0180006
0.0179991
0.0180006
0.0180003
0.0180006
0.0180004
0.0180004
0.0180002
0.0180008
0.0180003
0.018001
0.0180007
0.0180002
0.0180005
0.0180007
0.0180008
0.0180008
0.0180005
0.0180006
0.0180005
0.0180003
0.0180001
0.0180003
0.0180007
0.0180006
0.0180004
0.0180007
0.0180008
0.0180002
0.0180002
0.0180006
0.0180007
0.0180008
0.0180009
0.0180006
0.0184661
0.0183138
0.018454
0.0184625
0.018459
0.0184611
0.0184599
0.018461
0.0184603
0.0184615
0.0184604
0.018461
0.0184609
0.0184613
0.0184603
0.0184611
0.0184609
0.0184613
0.0184612
0.0184612
0.0184608
0.0184607
0.0184609
0.0184606
0.0184609
0.0184609
0.0184604
0.0184614
0.0184609
0.0184607
0.018461
0.0184611
0.0184613
0.0184606
0.0184604
0.0184614
0.0184606
0.0184609
0.0184608
0.0184608
