0.0179242
0.0150631
0.0173609
0.0162215
0.0173853
0.0169158
0.0173866
0.0170345
0.0173158
0.0170695
0.0172582
0.0171135
0.0172227
0.0171226
0.0171922
0.0171482
0.0171846
0.0171462
0.0171931
0.0171571
0.0171885
0.017169
0.0171944
0.0171717
0.0171806
0.0171747
0.0171876
0.0171756
0.0171905
0.0171818
0.0171917
0.0171802
0.0171829
0.0171908
0.0171756
0.017197
0.0171846
0.0171953
0.0171942
0.0171986
0.0183968
0.0153124
0.0178852
0.0166553
0.0178257
0.0174503
0.0179149
0.0176085
0.0178627
0.0176302
0.0178138
0.0176629
0.0177884
0.0176891
0.0177693
0.0177126
0.0177482
0.0177127
0.0177533
0.0177216
0.01774
0.0177401
0.0177357
0.0177407
0.0177417
0.0177523
0.0177449
0.0177424
0.0177468
0.0177487
0.0177408
0.0177389
0.0177396
0.0177476
0.0177414
0.0177543
0.0177475
0.0177449
0.017739
0.0177513
