0.0180919
0.0180128
0.0179575
0.0180237
0.0180729
0.0180542
0.0180728
0.0180595
0.0180722
0.0180625
0.0180702
0.0180627
0.0180678
0.0180658
0.0180681
0.0180671
0.0180682
0.0180662
0.0180665
0.0180666
0.0180663
0.0180659
0.0180661
0.0180652
0.0180664
0.0180675
0.0180659
0.0180655
0.0180663
0.018066
0.0180664
0.0180658
0.0180671
0.018066
0.0180659
0.0180671
0.018066
0.0180656
0.0180668
0.0180669
0.0185516
0.0183817
0.0183748
0.018483
0.0185362
0.0185177
0.0185343
0.0185242
0.0185325
0.0185256
0.0185312
0.0185252
0.0185301
0.0185271
0.0185297
0.0185269
0.0185289
0.0185278
0.0185295
0.0185271
0.0185288
0.0185276
0.0185286
0.0185273
0.0185278
0.0185285
0.0185278
0.018528
0.018529
0.0185277
0.0185287
0.0185283
0.0185283
0.0185291
0.018528
0.0185288
0.0185282
0.018528
0.018528
0.0185285
