0.017948
0.0147746
0.0173917
0.0159927
0.0173665
0.0167497
0.0173174
0.0168682
0.017197
0.0168948
0.0171201
0.0169376
0.0170774
0.0169622
0.0170564
0.0169892
0.017044
0.0169867
0.0170439
0.0169848
0.0170313
0.0170043
0.0170366
0.0170033
0.0170248
0.0170038
0.0170139
0.0170116
0.0170225
0.0170116
0.0170163
0.017013
0.0170086
0.0170222
0.0170102
0.0170271
0.0170023
0.01702
0.0170247
0.0170235
0.0184123
0.0152704
0.0178689
0.0164162
0.0178237
0.0172773
0.0178353
0.0174223
0.0177318
0.0174196
0.0176498
0.0174547
0.0176196
0.0174787
0.0175931
0.0175116
0.0175663
0.0175152
0.0175744
0.0175344
0.0175566
0.0175477
0.0175384
0.0175384
0.0175399
0.0175509
0.0175358
0.0175393
0.0175456
0.0175473
0.0175434
0.0175432
0.0175365
0.0175381
0.0175428
0.0175534
0.0175444
0.0175375
0.0175293
0.0175379
