0.0179799
0.0176281
0.0169219
0.0176095
0.0173142
0.0176509
0.0176051
0.0177622
0.0176935
0.0177854
0.0177361
0.0177881
0.017754
0.0177813
0.0177614
0.0177775
0.0177647
0.0177767
0.0177688
0.017783
0.0177735
0.0177805
0.0177766
0.0177829
0.0177782
0.0177832
0.0177816
0.0177869
0.0177817
0.0177876
0.017787
0.0177897
0.0177894
0.0177882
0.0177893
0.017784
0.0177919
0.0177887
0.0177888
0.0177886
0.0184346
0.018144
0.0171541
0.0181228
0.0177943
0.0181475
0.0181088
0.0182574
0.0182069
0.0182826
0.0182444
0.018288
0.0182629
0.0182949
0.0182751
0.0182961
0.0182804
0.0182892
0.0182817
0.0182865
0.0182794
0.0182834
0.0182863
0.0182859
0.0182903
0.0182887
0.0182928
0.0182894
0.0182929
0.0182893
0.0182918
0.018289
0.0182909
0.0182886
0.0182907
0.0182898
0.0182954
0.0182924
0.0182967
0.0182945
