0.0180919
0.0170895
0.0179701
0.017941
0.0179392
0.0179879
0.0180565
0.0180327
0.0180585
0.018042
0.0180578
0.0180454
0.0180558
0.018046
0.0180524
0.0180495
0.0180523
0.0180526
0.018053
0.0180499
0.0180517
0.0180504
0.0180499
0.0180494
0.018051
0.0180492
0.0180502
0.018052
0.0180498
0.0180493
0.0180501
0.0180497
0.018051
0.0180497
0.0180517
0.0180492
0.0180496
0.0180512
0.0180497
0.0180499
0.0185516
0.0181194
0.0183528
0.0183337
0.0183575
0.0184549
0.01852
0.0184983
0.0185205
0.0185071
0.0185183
0.0185098
0.0185169
0.0185098
0.0185152
0.0185123
0.0185149
0.0185109
0.0185141
0.0185134
0.0185147
0.0185123
0.0185131
0.0185131
0.0185128
0.0185122
0.0185125
0.0185136
0.0185131
0.0185122
0.0185143
0.0185131
0.018514
0.0185136
0.0185133
0.0185134
0.0185126
0.0185145
0.0185129
0.0185127
