0.0180919
0.017547
0.0178958
0.0169542
0.0179077
0.0178634
0.017902
0.0179459
0.0180271
0.0180016
0.018033
0.018014
0.0180329
0.01802
0.0180316
0.0180206
0.0180278
0.0180241
0.0180274
0.0180267
0.0180278
0.0180226
0.0180255
0.0180242
0.0180232
0.0180237
0.0180233
0.0180221
0.0180227
0.0180243
0.0180222
0.0180215
0.0180229
0.0180231
0.0180254
0.0180221
0.0180243
0.0180216
0.0180218
0.0180234
0.0185516
0.018245
0.0183454
0.0180418
0.0183068
0.0182719
0.0183195
0.0184145
0.0184923
0.0184692
0.0184966
0.0184812
0.0184945
0.0184846
0.0184932
0.0184848
0.0184893
0.018487
0.0184905
0.0184859
0.018489
0.0184892
0.0184886
0.0184862
0.0184871
0.0184872
0.0184877
0.018487
0.0184875
0.0184866
0.0184883
0.0184866
0.0184891
0.0184878
0.0184882
0.0184876
0.0184864
0.018487
0.0184863
0.0184879
