0.017948
0.0161955
0.0165729
0.0121648
0.0160668
0.0133011
0.0154915
0.0139855
0.0151081
0.0141033
0.0148295
0.0141922
0.014685
0.0142812
0.0145885
0.0143462
0.0145343
0.0143791
0.0145306
0.0143769
0.0145005
0.014401
0.0144891
0.0144254
0.0144808
0.0144204
0.0144581
0.0144075
0.0144567
0.0144311
0.0144526
0.0144378
0.0144387
0.0144508
0.0144249
0.0144615
0.0144141
0.0144617
0.0144299
0.014446
0.0184123
0.0168299
0.0171275
0.012645
0.0166481
0.0137854
0.0160247
0.0145748
0.0156668
0.0146676
0.0154086
0.0147227
0.015253
0.0148042
0.015163
0.0148735
0.0151032
0.0149134
0.0150902
0.0149501
0.015056
0.0149952
0.0150127
0.015002
0.0149856
0.0150082
0.0149914
0.0149999
0.0149981
0.0149993
0.0150001
0.0149979
0.0149817
0.0149979
0.0149825
0.015011
0.0149993
0.0150163
0.014984
0.0150002
