0.0179567
0.0179567
0.0179567
0.0179567
0.0179567
0.0179567
0.0179567
0.0179567
0.0179567
0.0179567
0.0179567
0.0179567
0.0179567
0.0179567
0.0179567
0.0179567
0.0179567
0.0179567
0.0179567
0.0179567
0.0179567
0.0179567
0.0179567
0.0179567
0.0179567
0.0179567
0.0179567
0.0179567
0.0179567
0.0179567
0.0179567
0.0179567
0.0179567
0.0179567
0.0179567
0.0179567
0.0179567
0.0179567
0.0179567
0.0179567
0.0184129
0.0184129
0.0184129
0.0184129
0.0184129
0.0184129
0.0184129
0.0184129
0.0184129
0.0184129
0.0184129
0.0184129
0.0184129
0.0184129
0.0184129
0.0184129
0.0184129
0.0184129
0.0184129
0.0184129
0.0184129
0.0184129
0.0184129
0.0184129
0.0184129
0.0184129
0.0184129
0.0184129
0.0184129
0.0184129
0.0184129
0.0184129
0.0184129
0.0184129
0.0184129
0.0184129
0.0184129
0.0184129
0.0184129
0.0184129
