0.0181372
0.0180617
0.0177033
0.0180756
0.0180716
0.0179563
0.0180454
0.0181047
0.0180807
0.0181034
0.0180849
0.0181001
0.0180878
0.0180975
0.0180894
0.0180963
0.0180926
0.0180961
0.0180929
0.0180954
0.018093
0.0180954
0.0180942
0.0180934
0.0180957
0.0180937
0.0180927
0.0180908
0.0180964
0.0180934
0.0180933
0.0180945
0.0180943
0.018097
0.0180916
0.0180918
0.0180932
0.0180954
0.0180929
0.0180957
0.018596
0.0185237
0.0184141
0.0185018
0.0185008
0.0183996
0.0185075
0.0185697
0.0185461
0.0185672
0.0185523
0.0185644
0.0185538
0.0185635
0.0185565
0.0185621
0.0185575
0.0185603
0.0185586
0.0185602
0.0185615
0.0185598
0.018557
0.0185594
0.0185582
0.0185601
0.0185584
0.0185617
0.0185597
0.0185582
0.018563
0.018561
0.0185613
0.0185636
0.0185598
0.0185574
0.0185595
0.0185613
0.0185601
0.0185596
