0.0180463
0.017854
0.0178076
0.0178424
0.0178942
0.0179974
0.0179614
0.0180015
0.0179768
0.0180008
0.0179846
0.0179991
0.0179886
0.0179966
0.0179918
0.0179948
0.0179913
0.0179947
0.017991
0.017994
0.017991
0.0179921
0.0179913
0.0179924
0.0179909
0.0179916
0.0179909
0.0179917
0.0179911
0.0179925
0.0179913
0.0179918
0.0179899
0.0179907
0.0179909
0.01799
0.017992
0.0179907
0.0179915
0.0179921
0.0185064
0.0182081
0.0181745
0.0182912
0.0183637
0.0184632
0.0184304
0.018466
0.0184459
0.018465
0.0184498
0.0184634
0.0184512
0.0184607
0.018452
0.0184592
0.0184547
0.0184574
0.0184552
0.0184597
0.018456
0.0184574
0.0184583
0.0184568
0.0184547
0.0184556
0.0184558
0.0184553
0.0184554
0.0184568
0.0184567
0.0184569
0.0184566
0.018456
0.0184573
0.0184548
0.0184561
0.0184547
0.0184553
0.0184544
