0.0179739
0.0178877
0.0179374
0.0179655
0.0179549
0.0179647
0.0179591
0.0179642
0.0179602
0.0179631
0.0179606
0.0179632
0.0179618
0.0179632
0.0179616
0.0179625
0.017962
0.0179629
0.0179625
0.017962
0.017962
0.0179625
0.0179627
0.0179619
0.0179618
0.017962
0.0179622
0.0179624
0.0179625
0.0179623
0.0179616
0.0179622
0.0179623
0.017962
0.0179621
0.017962
0.0179623
0.0179622
0.0179623
0.0179618
0.0184334
0.0182671
0.0183992
0.0184256
0.0184164
0.0184247
0.0184193
0.018424
0.018421
0.0184237
0.0184215
0.018423
0.0184215
0.0184228
0.018422
0.0184231
0.0184218
0.0184227
0.0184226
0.0184229
0.0184222
0.0184226
0.0184231
0.0184228
0.0184226
0.0184227
0.0184226
0.0184226
0.0184223
0.0184222
0.0184224
0.0184221
0.018422
0.0184221
0.0184228
0.0184229
0.0184227
0.0184222
0.0184221
0.0184217
