0.0180463
0.0179234
0.017859
0.0179661
0.0180174
0.0180041
0.0180215
0.0180082
0.0180208
0.0180118
0.0180189
0.0180142
0.0180183
0.0180154
0.0180166
0.0180147
0.0180169
0.0180145
0.0180158
0.0180142
0.0180152
0.0180152
0.0180168
0.0180153
0.0180153
0.0180145
0.0180156
0.0180153
0.0180167
0.0180158
0.0180153
0.0180141
0.0180155
0.0180148
0.0180146
0.0180157
0.0180158
0.0180162
0.018016
0.018015
0.0185064
0.0182609
0.0183061
0.0184245
0.0184835
0.0184686
0.0184862
0.0184755
0.0184853
0.018476
0.0184827
0.0184768
0.0184816
0.0184769
0.0184813
0.0184788
0.0184797
0.018479
0.0184811
0.0184786
0.018481
0.0184801
0.01848
0.0184788
0.0184792
0.0184794
0.018479
0.0184792
0.0184807
0.0184796
0.0184802
0.0184793
0.01848
0.0184801
0.0184798
0.0184793
0.0184795
0.0184793
0.0184794
0.0184796
