0.0179242
0.0179242
0.0179242
0.0179242
0.0179242
0.0179242
0.0179242
0.0179242
0.0179242
0.0179242
0.0179242
0.0179242
0.0179242
0.0179242
0.0179242
0.0179242
0.0179242
0.0179242
0.0179242
0.0179242
0.0179242
0.0179242
0.0179242
0.0179242
0.0179242
0.0179242
0.0179242
0.0179242
0.0179242
0.0179242
0.0179242
0.0179242
0.0179242
0.0179242
0.0179242
0.0179242
0.0179242
0.0179242
0.0179242
0.0179242
0.0183968
0.0183968
0.0183968
0.0183968
0.0183968
0.0183968
0.0183968
0.0183968
0.0183968
0.0183968
0.0183968
0.0183968
0.0183968
0.0183968
0.0183968
0.0183968
0.0183968
0.0183968
0.0183968
0.0183968
0.0183968
0.0183968
0.0183968
0.0183968
0.0183968
0.0183968
0.0183968
0.0183968
0.0183968
0.0183968
0.0183968
0.0183968
0.0183968
0.0183968
0.0183968
0.0183968
0.0183968
0.0183968
0.0183968
0.0183968
