0.0181372
0.0179775
0.0180677
0.0181258
0.0181015
0.0181229
0.0181079
0.0181191
0.0181094
0.0181171
0.0181111
0.0181171
0.0181124
0.0181155
0.0181136
0.0181158
0.0181131
0.0181148
0.0181133
0.018115
0.0181147
0.0181149
0.018114
0.0181133
0.0181141
0.0181139
0.0181134
0.0181152
0.0181149
0.0181147
0.0181138
0.0181141
0.0181146
0.0181141
0.018114
0.0181143
0.0181156
0.0181146
0.018115
0.0181155
0.018596
0.01842
0.0185282
0.0185894
0.0185666
0.0185863
0.0185748
0.0185836
0.0185754
0.0185825
0.0185766
0.0185817
0.0185771
0.0185806
0.0185782
0.0185793
0.0185786
0.01858
0.0185784
0.018579
0.0185791
0.0185797
0.0185792
0.0185792
0.0185797
0.0185788
0.0185793
0.0185797
0.0185792
0.0185792
0.0185797
0.0185791
0.0185794
0.0185795
0.0185791
0.018579
0.0185789
0.0185788
0.0185796
0.0185797
