0.017948
0.0173332
0.0135422
0.0170245
0.0149881
0.0167842
0.0157391
0.0165854
0.0158513
0.0163814
0.0159054
0.0162673
0.0159805
0.0161992
0.0160297
0.0161658
0.0160606
0.0161592
0.0160557
0.016142
0.0160585
0.0161284
0.0160816
0.0161275
0.0160816
0.0161134
0.0160825
0.0161122
0.0160914
0.0161085
0.0160973
0.0161018
0.0160978
0.0160875
0.0161083
0.0160897
0.0161184
0.0160937
0.0161036
0.0160984
0.0184123
0.0178165
0.0140008
0.0175436
0.0154319
0.017279
0.0163196
0.0171097
0.0164113
0.0169288
0.0164393
0.0168171
0.0164991
0.0167602
0.0165485
0.0167132
0.0165849
0.0166953
0.0166011
0.0166886
0.0166266
0.0166528
0.0166473
0.0166339
0.0166405
0.0166315
0.0166494
0.0166385
0.0166404
0.0166511
0.0166404
0.0166413
0.0166453
0.0166272
0.0166373
0.0166426
0.0166535
0.0166366
0.0166383
0.0166269
