0.017948
0.017948
0.017948
0.017948
0.017948
0.017948
0.017948
0.017948
0.017948
0.017948
0.017948
0.017948
0.017948
0.017948
0.017948
0.017948
0.017948
0.017948
0.017948
0.017948
0.017948
0.017948
0.017948
0.017948
0.017948
0.017948
0.017948
0.017948
0.017948
0.017948
0.017948
0.017948
0.017948
0.017948
0.017948
0.017948
0.017948
0.017948
0.017948
0.017948
0.0184123
0.0184123
0.0184123
0.0184123
0.0184123
0.0184123
0.0184123
0.0184123
0.0184123
0.0184123
0.0184123
0.0184123
0.0184123
0.0184123
0.0184123
0.0184123
0.0184123
0.0184123
0.0184123
0.0184123
0.0184123
0.0184123
0.0184123
0.0184123
0.0184123
0.0184123
0.0184123
0.0184123
0.0184123
0.0184123
0.0184123
0.0184123
0.0184123
0.0184123
0.0184123
0.0184123
0.0184123
0.0184123
0.0184123
0.0184123
