0.0181372
0.0177143
0.0180814
0.0180809
0.0179612
0.018051
0.0181097
0.0180865
0.0181082
0.0180906
0.0181046
0.0180925
0.018103
0.018095
0.0181017
0.0180979
0.0181008
0.0180988
0.0181007
0.0180983
0.0181012
0.018099
0.0180984
0.0181006
0.0180997
0.0180972
0.0180958
0.0181007
0.018099
0.0180985
0.0180998
0.0180991
0.0181019
0.018097
0.0180962
0.0180983
0.0181012
0.0180981
0.0181002
0.0181023
0.018596
0.0184213
0.018507
0.0185076
0.0184047
0.0185131
0.0185746
0.0185512
0.0185719
0.0185571
0.0185689
0.0185589
0.0185692
0.0185609
0.0185664
0.0185625
0.0185657
0.0185635
0.0185649
0.0185664
0.0185644
0.0185618
0.0185649
0.0185634
0.0185653
0.0185632
0.0185665
0.0185644
0.0185634
0.0185674
0.0185655
0.0185656
0.0185676
0.0185643
0.0185625
0.018564
0.0185657
0.0185649
0.018565
0.0185656
