0.0180061
0.0176097
0.0154468
0.017562
0.0166393
0.0175036
0.0171615
0.0175438
0.0173261
0.0175256
0.0173896
0.017514
0.0174281
0.0175076
0.0174563
0.0174936
0.0174686
0.0174947
0.0174685
0.0174882
0.0174617
0.0174737
0.0174568
0.0174729
0.0174609
0.0174622
0.0174552
0.0174536
0.0174509
0.0174537
0.017454
0.0174528
0.0174562
0.0174507
0.0174549
0.0174514
0.017453
0.0174413
0.017446
0.0174392
0.0184661
0.0179742
0.0162238
0.0178917
0.0170752
0.0178886
0.0176591
0.0180115
0.0178022
0.0180064
0.0178584
0.0179903
0.0178806
0.0179775
0.0178923
0.0179528
0.0179028
0.017942
0.0179141
0.0179532
0.017927
0.0179338
0.0179354
0.0179264
0.0179279
0.017916
0.0179222
0.0179181
0.0179198
0.0179181
0.0179261
0.0179205
0.0179261
0.0179202
0.0179295
0.0179124
0.0179182
0.0179076
0.0179156
0.0179032
