0.0180919
0.0179791
0.0179823
0.0179508
0.0180041
0.0180662
0.018044
0.0180665
0.0180514
0.0180658
0.018055
0.018064
0.0180556
0.0180616
0.0180589
0.0180617
0.0180609
0.0180614
0.0180595
0.0180606
0.0180598
0.0180594
0.0180592
0.0180594
0.0180588
0.0180597
0.0180612
0.0180595
0.0180587
0.0180594
0.0180594
0.0180598
0.0180591
0.0180604
0.0180595
0.018059
0.0180603
0.018059
0.018059
0.0180599
0.0185516
0.018361
0.0183623
0.0183686
0.0184689
0.0185296
0.0185091
0.0185284
0.0185166
0.0185265
0.0185185
0.0185247
0.0185184
0.0185239
0.0185204
0.0185228
0.0185202
0.0185227
0.0185214
0.0185232
0.0185207
0.0185217
0.0185212
0.0185219
0.0185207
0.0185213
0.0185219
0.0185215
0.0185212
0.0185228
0.0185222
0.0185219
0.0185224
0.0185221
0.0185226
0.0185214
0.0185224
0.0185215
0.0185215
0.0185218
