0.0179799
0.0178664
0.0179596
0.0179721
0.0179655
0.0179717
0.0179689
0.0179712
0.0179703
0.0179717
0.017971
0.017972
0.0179716
0.0179718
0.0179718
0.0179714
0.0179715
0.0179716
0.0179708
0.017972
0.0179716
0.0179716
0.0179715
0.0179716
0.0179718
0.0179719
0.0179714
0.0179717
0.0179717
0.017972
0.017972
0.0179725
0.0179721
0.0179722
0.0179715
0.017972
0.0179723
0.0179719
0.0179727
0.0179716
0.0184346
0.0183343
0.0184121
0.0184274
0.0184206
0.0184272
0.0184254
0.0184274
0.0184266
0.0184278
0.0184272
0.0184283
0.0184277
0.0184283
0.0184279
0.0184281
0.0184272
0.018428
0.0184275
0.0184276
0.0184275
0.0184281
0.0184281
0.018428
0.0184279
0.0184283
0.018428
0.018428
0.0184281
0.0184275
0.0184282
0.0184279
0.0184283
0.0184283
0.0184282
0.0184282
0.0184276
0.0184287
0.0184288
0.0184281
