0.0179242
0.0174872
0.0170617
0.0175714
0.0175161
0.0176509
0.0175508
0.0176302
0.0175572
0.0176078
0.017566
0.0176023
0.0175668
0.0175954
0.0175791
0.0175877
0.0175822
0.0175921
0.0175798
0.017593
0.0175841
0.0175955
0.0175871
0.0175876
0.017589
0.017593
0.0175875
0.0175928
0.0175878
0.0175944
0.0175921
0.0175912
0.0175903
0.0175886
0.0175932
0.0175909
0.0175968
0.0175956
0.0175962
0.017594
0.0183968
0.0179857
0.0174891
0.0179867
0.0180054
0.0181451
0.0180679
0.0181329
0.018062
0.0181146
0.0180716
0.0181096
0.0180788
0.0181056
0.0180862
0.0180953
0.0180887
0.0181004
0.0180941
0.0180952
0.0180925
0.0180946
0.0180962
0.0180976
0.0180997
0.0180972
0.0180964
0.0180999
0.0180986
0.0180984
0.0180951
0.0180972
0.0181018
0.018095
0.0181002
0.0180995
0.0180967
0.0180987
0.0180979
0.0181
