0.0179567
0.0178029
0.0179175
0.0179494
0.017937
0.0179481
0.017941
0.0179469
0.0179417
0.0179463
0.017943
0.0179457
0.0179436
0.0179464
0.0179445
0.0179456
0.0179448
0.0179452
0.0179448
0.0179453
0.0179453
0.0179447
0.0179452
0.017946
0.0179448
0.017946
0.0179453
0.017945
0.0179456
0.0179465
0.0179449
0.017945
0.0179453
0.0179454
0.0179451
0.0179452
0.0179457
0.0179453
0.0179454
0.017945
0.0184129
0.0182628
0.018372
0.0184071
0.0183948
0.0184057
0.0184012
0.0184044
0.0184009
0.0184042
0.0184025
0.0184042
0.0184022
0.0184042
0.0184023
0.018403
0.018403
0.0184036
0.0184032
0.0184036
0.018403
0.0184031
0.0184031
0.018403
0.018403
0.0184037
0.0184039
0.0184031
0.0184036
0.0184026
0.0184029
0.0184029
0.0184032
0.018403
0.0184033
0.0184034
0.0184033
0.0184041
0.0184031
0.0184034
