0.0181372
0.0180987
0.0179725
0.018064
0.0181212
0.0180979
0.0181184
0.0181028
0.0181144
0.0181044
0.018114
0.0181059
0.0181133
0.0181077
0.0181124
0.0181096
0.0181115
0.0181094
0.0181099
0.0181091
0.0181111
0.0181108
0.0181102
0.0181081
0.0181075
0.0181109
0.0181103
0.0181093
0.0181111
0.0181107
0.0181109
0.0181088
0.0181082
0.0181099
0.0181108
0.0181097
0.0181102
0.0181126
0.0181108
0.0181118
0.018596
0.0185209
0.0184151
0.0185243
0.0185846
0.0185627
0.0185817
0.018568
0.0185791
0.0185688
0.0185783
0.0185719
0.0185767
0.0185731
0.0185764
0.0185737
0.0185759
0.0185754
0.018575
0.0185732
0.0185742
0.0185747
0.0185758
0.0185742
0.018576
0.0185757
0.0185737
0.0185761
0.0185765
0.0185756
0.0185761
0.0185757
0.018573
0.018575
0.0185758
0.0185745
0.018575
0.0185752
0.0185742
0.0185751
