0.0180061
0.0180061
0.0180061
0.0180061
0.0180061
0.0180061
0.0180061
0.0180061
0.0180061
0.0180061
0.0180061
0.0180061
0.0180061
0.0180061
0.0180061
0.0180061
0.0180061
0.0180061
0.0180061
0.0180061
0.0180061
0.0180061
0.0180061
0.0180061
0.0180061
0.0180061
0.0180061
0.0180061
0.0180061
0.0180061
0.0180061
0.0180061
0.0180061
0.0180061
0.0180061
0.0180061
0.0180061
0.0180061
0.0180061
0.0180061
0.0184661
0.0184661
0.0184661
0.0184661
0.0184661
0.0184661
0.0184661
0.0184661
0.0184661
0.0184661
0.0184661
0.0184661
0.0184661
0.0184661
0.0184661
0.0184661
0.0184661
0.0184661
0.0184661
0.0184661
0.0184661
0.0184661
0.0184661
0.0184661
0.0184661
0.0184661
0.0184661
0.0184661
0.0184661
0.0184661
0.0184661
0.0184661
0.0184661
0.0184661
0.0184661
0.0184661
0.0184661
0.0184661
0.0184661
0.0184661
