0.0181372
0.0181372
0.0181372
0.0181372
0.0181372
0.0181372
0.0181372
0.0181372
0.0181372
0.0181372
0.0181372
0.0181372
0.0181372
0.0181372
0.0181372
0.0181372
0.0181372
0.0181372
0.0181372
0.0181372
0.0181372
0.0181372
0.0181372
0.0181372
0.0181372
0.0181372
0.0181372
0.0181372
0.0181372
0.0181372
0.0181372
0.0181372
0.0181372
0.0181372
0.0181372
0.0181372
0.0181372
0.0181372
0.0181372
0.0181372
0.018596
0.018596
0.018596
0.018596
0.018596
0.018596
0.018596
0.018596
0.018596
0.018596
0.018596
0.018596
0.018596
0.018596
0.018596
0.018596
0.018596
0.018596
0.018596
0.018596
0.018596
0.018596
0.018596
0.018596
0.018596
0.018596
0.018596
0.018596
0.018596
0.018596
0.018596
0.018596
0.018596
0.018596
0.018596
0.018596
0.018596
0.018596
0.018596
0.018596
