0.0179799
0.0177924
0.0178192
0.0179471
0.0179399
0.0179528
0.017949
0.0179557
0.0179526
0.0179567
0.0179551
0.0179582
0.0179552
0.017958
0.0179565
0.0179577
0.0179561
0.017957
0.0179567
0.017957
0.0179579
0.0179586
0.0179573
0.0179567
0.017957
0.0179581
0.017958
0.0179582
0.0179582
0.0179591
0.0179586
0.0179584
0.0179589
0.0179589
0.0179588
0.0179577
0.017959
0.0179584
0.0179583
0.0179596
0.0184346
0.0182757
0.0182832
0.0184018
0.018397
0.0184098
0.0184087
0.0184146
0.0184124
0.0184164
0.0184157
0.0184168
0.018417
0.0184176
0.0184169
0.0184178
0.0184173
0.0184162
0.0184174
0.0184159
0.0184166
0.0184169
0.0184174
0.0184171
0.0184178
0.0184173
0.018418
0.0184179
0.0184179
0.0184171
0.0184168
0.0184182
0.0184175
0.0184177
0.0184182
0.0184174
0.0184176
0.018417
0.0184185
0.0184186
