0.0180463
0.0165821
0.0178347
0.0176513
0.0178089
0.0178201
0.0179663
0.0179118
0.0179711
0.0179348
0.0179707
0.0179446
0.0179675
0.0179528
0.0179639
0.0179565
0.017961
0.0179572
0.0179621
0.0179566
0.0179603
0.0179565
0.0179583
0.017956
0.0179582
0.0179559
0.0179555
0.017955
0.0179558
0.0179546
0.0179566
0.0179553
0.0179567
0.0179529
0.0179553
0.017955
0.0179525
0.0179554
0.0179535
0.0179552
0.0185064
0.0175938
0.0181887
0.0180474
0.0182588
0.0182957
0.0184326
0.0183819
0.0184402
0.018405
0.0184376
0.0184127
0.018434
0.0184171
0.0184297
0.0184172
0.0184269
0.0184198
0.018426
0.0184225
0.0184284
0.0184224
0.018423
0.0184244
0.0184232
0.0184198
0.0184213
0.0184211
0.0184205
0.0184218
0.0184236
0.018423
0.0184228
0.0184232
0.0184223
0.0184224
0.0184201
0.0184227
0.0184209
0.0184206
