0.0179567
0.0167264
0.0170137
0.0147773
0.0167785
0.0156115
0.0166876
0.0162174
0.0167924
0.0164447
0.0167873
0.0165367
0.0167314
0.0165746
0.0166886
0.0166021
0.0166614
0.0166203
0.0166745
0.0166442
0.0166859
0.0166656
0.0166887
0.0166645
0.0166934
0.0166857
0.0167095
0.0166953
0.0167226
0.0167028
0.0167164
0.0167033
0.0167132
0.0167229
0.0167093
0.0167201
0.016708
0.0167224
0.0167181
0.0167412
0.0184129
0.0173897
0.0176466
0.0147837
0.0174059
0.0161354
0.0172713
0.0168723
0.0174106
0.0171198
0.0174079
0.0172049
0.0174133
0.0172828
0.0174002
0.0173168
0.0173872
0.0173195
0.0173585
0.0173104
0.0173517
0.017339
0.0173419
0.0173654
0.0173621
0.017373
0.0173681
0.0173803
0.0173791
0.0173727
0.0173696
0.0173685
0.0173683
0.0173757
0.0173673
0.0173887
0.0173842
0.0173976
0.0173945
0.0174012
