0.017948
0.0176837
0.0176876
0.0179154
0.0178144
0.0178968
0.0178291
0.0178822
0.0178332
0.0178705
0.0178443
0.0178644
0.0178461
0.0178618
0.0178528
0.0178561
0.0178545
0.0178598
0.0178514
0.017861
0.0178569
0.0178593
0.0178552
0.0178547
0.0178537
0.017857
0.0178531
0.0178567
0.0178556
0.017858
0.0178576
0.0178545
0.0178577
0.0178547
0.0178563
0.0178582
0.0178576
0.0178559
0.0178543
0.0178562
0.0184123
0.0181157
0.0181094
0.0183828
0.0182858
0.0183652
0.018312
0.0183519
0.0183087
0.018343
0.0183168
0.0183371
0.0183189
0.0183344
0.0183187
0.0183325
0.0183233
0.0183317
0.0183248
0.018329
0.0183281
0.0183236
0.018329
0.0183273
0.0183238
0.0183269
0.0183275
0.0183302
0.0183258
0.0183292
0.0183241
0.0183243
0.0183303
0.0183247
0.0183275
0.0183255
0.0183278
0.0183268
0.018328
0.0183287
