0.0179739
0.0174429
0.0142142
0.0172382
0.0155796
0.0170192
0.0162254
0.0169465
0.0164048
0.0168276
0.01648
0.0167663
0.0165537
0.0167221
0.0166025
0.0166994
0.0166297
0.0166861
0.016617
0.0166713
0.0166127
0.016661
0.0166185
0.016657
0.0166201
0.0166377
0.0166141
0.0166314
0.0166115
0.0166204
0.0166201
0.0166171
0.0166273
0.0166075
0.0166244
0.016609
0.0166257
0.0166076
0.016616
0.016596
0.0184334
0.0178547
0.014859
0.0176482
0.0160159
0.017417
0.0167617
0.0174312
0.0169113
0.0173303
0.0169523
0.0172569
0.0169936
0.0172019
0.01703
0.0171651
0.0170592
0.0171475
0.0170775
0.0171505
0.0171045
0.0171189
0.0171142
0.0171021
0.0171044
0.0170829
0.0171067
0.0170932
0.0170916
0.0171017
0.017107
0.0171091
0.01711
0.0170974
0.0171049
0.0170855
0.0170935
0.0170762
0.017095
0.017068
