0.0179567
0.017684
0.0176884
0.0179005
0.0178819
0.0179127
0.0178974
0.017913
0.0179005
0.0179108
0.0179048
0.0179111
0.0179045
0.0179099
0.017908
0.0179103
0.017908
0.0179094
0.0179085
0.0179099
0.0179101
0.0179094
0.0179093
0.0179086
0.0179104
0.0179108
0.0179108
0.0179109
0.0179108
0.0179109
0.0179119
0.0179102
0.0179094
0.0179104
0.0179102
0.0179097
0.0179106
0.0179117
0.017911
0.0179113
0.0184129
0.0181633
0.018139
0.0183588
0.0183452
0.0183761
0.0183649
0.0183775
0.0183666
0.0183759
0.0183697
0.018377
0.0183717
0.0183762
0.0183724
0.0183742
0.0183723
0.018376
0.0183748
0.0183754
0.0183748
0.0183744
0.0183739
0.0183756
0.0183755
0.0183742
0.0183763
0.0183762
0.0183756
0.0183744
0.018374
0.0183744
0.0183758
0.018375
0.0183755
0.0183759
0.0183742
0.0183754
0.0183764
0.0183752
