0.0180061
0.0168827
0.0173129
0.0147114
0.0171171
0.0160118
0.0170409
0.0166043
0.0170947
0.0168212
0.0170695
0.0168973
0.0170677
0.0169569
0.0170506
0.0169894
0.0170353
0.0170022
0.0170423
0.0169951
0.0170216
0.0169817
0.0169996
0.0169824
0.0169962
0.0169775
0.0169825
0.0169694
0.0169636
0.0169603
0.0169659
0.0169701
0.0169664
0.0169629
0.0169645
0.0169628
0.0169578
0.0169598
0.0169441
0.0169421
0.0184661
0.0174403
0.0177103
0.0155703
0.0174772
0.0164461
0.0174121
0.0170941
0.0175709
0.0172809
0.0175544
0.0173542
0.0175265
0.017386
0.0175109
0.0173998
0.0174685
0.017414
0.0174603
0.0174372
0.0174743
0.0174416
0.0174538
0.0174537
0.0174336
0.0174362
0.0174216
0.0174259
0.0174208
0.0174258
0.0174418
0.0174384
0.0174281
0.0174398
0.017426
0.0174254
0.0174058
0.0174208
0.0174041
0.0174132
