0.0179739
0.01775
0.0176979
0.0179133
0.0178562
0.0179164
0.0178763
0.0179127
0.0178837
0.0179041
0.0178869
0.0179024
0.0178923
0.0179007
0.0178931
0.0178998
0.0178944
0.0178993
0.0178951
0.0178988
0.0178946
0.0178969
0.017895
0.0178961
0.0178942
0.0178952
0.017894
0.0178967
0.0178947
0.0178964
0.0178941
0.0178939
0.0178952
0.0178945
0.0178964
0.0178947
0.0178939
0.0178952
0.0178933
0.0178938
0.0184334
0.0181388
0.0180732
0.018378
0.0183249
0.0183816
0.0183467
0.0183738
0.0183501
0.0183703
0.0183518
0.0183668
0.0183541
0.0183629
0.0183561
0.0183621
0.0183579
0.0183623
0.0183589
0.018362
0.0183594
0.0183598
0.0183601
0.0183585
0.0183605
0.0183593
0.0183599
0.0183604
0.0183588
0.0183595
0.0183598
0.0183597
0.0183604
0.0183582
0.0183595
0.0183587
0.0183598
0.0183569
0.0183591
0.018357
