0.0180061
0.0160074
0.0177087
0.0171175
0.0177006
0.0175324
0.0177708
0.0176465
0.0177637
0.0176852
0.0177503
0.0177019
0.0177502
0.0177224
0.0177465
0.0177294
0.0177457
0.0177338
0.0177447
0.0177277
0.0177336
0.0177242
0.0177354
0.0177292
0.01773
0.017725
0.0177222
0.0177245
0.0177261
0.0177221
0.0177254
0.0177251
0.0177264
0.0177226
0.0177268
0.0177231
0.0177208
0.0177215
0.017722
0.0177224
0.0184661
0.0167262
0.0180265
0.0175196
0.0180878
0.0180242
0.0182416
0.0181209
0.0182417
0.0181553
0.0182291
0.0181749
0.0182288
0.0181789
0.0182129
0.0181823
0.0182044
0.0181898
0.0182085
0.0181978
0.0182025
0.0182009
0.0181991
0.0181981
0.0181935
0.0181954
0.018194
0.0181951
0.0181929
0.0181914
0.0181955
0.0181964
0.0181951
0.0182
0.0181936
0.0181948
0.0181905
0.0181916
0.0181851
0.0181885
