0.0179567
0.0173738
0.0155455
0.0172871
0.0163794
0.0172684
0.0169235
0.017367
0.0170909
0.01735
0.0171671
0.0173308
0.0172033
0.017301
0.0172212
0.0172736
0.0172376
0.0172771
0.0172426
0.017287
0.0172637
0.0172858
0.0172708
0.017281
0.0172732
0.0172856
0.0172772
0.0173003
0.0172851
0.0172973
0.0172896
0.0172928
0.0172952
0.0172904
0.0172939
0.0172825
0.0173046
0.0172914
0.0173028
0.0173021
0.0184129
0.0179554
0.0155579
0.0178587
0.0168462
0.0177835
0.0174769
0.0179053
0.0176767
0.0179026
0.0177424
0.0178934
0.0177887
0.0178885
0.0178152
0.0178749
0.0178355
0.0178632
0.017832
0.0178541
0.017841
0.017847
0.0178556
0.017852
0.0178672
0.0178613
0.017868
0.0178638
0.0178658
0.0178632
0.0178619
0.017859
0.0178646
0.0178607
0.0178673
0.0178625
0.0178763
0.0178733
0.0178794
0.0178717
