0.0179799
0.0177196
0.0176798
0.0177921
0.0178625
0.0179073
0.0178916
0.0179161
0.0179069
0.0179196
0.0179127
0.0179228
0.017917
0.0179203
0.0179191
0.0179209
0.017918
0.0179195
0.017918
0.0179224
0.0179206
0.0179234
0.0179218
0.0179212
0.0179204
0.0179226
0.0179228
0.0179241
0.0179229
0.0179242
0.0179249
0.0179241
0.017924
0.0179245
0.0179246
0.0179232
0.0179249
0.0179243
0.0179241
0.0179246
0.0184346
0.0182129
0.0181547
0.0182597
0.018322
0.0183704
0.0183596
0.0183829
0.018375
0.0183881
0.0183841
0.0183913
0.0183861
0.0183931
0.0183894
0.0183918
0.0183909
0.0183916
0.018389
0.0183901
0.0183886
0.01839
0.0183918
0.0183916
0.0183919
0.0183923
0.0183929
0.0183922
0.0183926
0.0183916
0.0183915
0.0183914
0.0183918
0.018391
0.018392
0.0183925
0.0183929
0.0183915
0.0183935
0.0183936
