0.94148 0.98300 1.01840 1.04598 
0.96319 0.99844 1.03009 1.05283 
0.97584 1.00696 1.03327 1.05657 
0.97837 1.00835 1.03466 1.05555 
0.97778 1.00683 1.03356 1.05460 
0.97853 1.00605 1.03302 1.05398 
0.97718 1.00572 1.03355 1.05500 
0.97636 1.00573 1.03303 1.05479 
0.97750 1.00686 1.03377 1.05441 
0.97760 1.00573 1.03275 1.05419 
0.97739 1.00626 1.03344 1.05422 
0.97780 1.00611 1.03340 1.05543 
0.99815 1.02673 1.05418 1.07201 
0.99842 1.02838 1.05391 1.07275 
0.99972 1.02694 1.05545 1.07198 
1.00008 1.02821 1.05544 1.07274 
0.99890 1.02827 1.05418 1.07253 
0.99908 1.02862 1.05412 1.07123 
