0.91108 0.95278 0.98673 1.01420 
0.92780 0.96373 0.99516 1.02119 
0.93819 0.97190 1.00001 1.02420 
0.94288 0.97369 1.00221 1.02478 
0.94274 0.97402 1.00096 1.02509 
0.94240 0.97335 1.00065 1.02475 
0.94213 0.97286 0.99998 1.02448 
0.94169 0.97306 1.00044 1.02432 
0.98069 1.01634 1.04728 1.06847 
0.99261 1.02249 1.05324 1.07137 
0.99659 1.02821 1.05404 1.07119 
0.99912 1.02848 1.05489 1.07205 
0.99676 1.02445 1.05108 1.06932 
0.99718 1.02510 1.05226 1.06923 
0.99746 1.02569 1.05275 1.07084 
0.99756 1.02641 1.05284 1.07085 
0.99848 1.02667 1.05176 1.07109 
0.99721 1.02636 1.05360 1.07039 
0.99813 1.02691 1.05339 1.07165 
0.99746 1.02600 1.05289 1.07097 
0.99756 1.02728 1.05301 1.07184 
0.99650 1.02563 1.05235 1.07143 
0.99727 1.02685 1.05311 1.07191 
0.99789 1.02731 1.05371 1.07092 
0.99750 1.02779 1.05324 1.07168 
