0.26142 0.74121 0.89348 0.96754 
0.79314 0.85542 0.90225 0.94127 
0.90814 0.94821 0.98329 1.01120 
0.91368 0.94741 0.97685 1.00314 
0.91751 0.95055 0.97887 1.00299 
0.91665 0.94721 0.97323 0.99730 
0.90962 0.94281 0.97220 0.99664 
0.90623 0.94093 0.97038 0.99608 
0.90785 0.94191 0.97242 0.99791 
0.90961 0.94345 0.97336 0.99826 
0.91093 0.94422 0.97375 0.99886 
0.91112 0.94447 0.97293 0.99709 
0.91151 0.94433 0.97361 0.99833 
0.91124 0.94427 0.97310 0.99889 
0.91093 0.94507 0.97308 0.99844 
0.91062 0.94462 0.97275 0.99839 
0.91090 0.94417 0.97318 0.99711 
0.91106 0.94452 0.97352 0.99818 
0.91139 0.94545 0.97297 0.99839 
0.91122 0.94405 0.97268 0.99786 
0.91193 0.94417 0.97398 0.99811 
0.91143 0.94362 0.97295 0.99794 
0.91121 0.94528 0.97354 0.99867 
0.91159 0.94463 0.97355 0.99813 
0.91129 0.94484 0.97349 0.99824 
0.91173 0.94460 0.97337 0.99869 
0.91141 0.94392 0.97350 0.99841 
0.91158 0.94437 0.97294 0.99832 
0.91075 0.94428 0.97400 0.99768 
0.91113 0.94458 0.97336 0.99795 
0.26124 0.93448 1.02361 1.06001 
0.90956 0.96590 1.00930 1.04445 
0.99223 1.02487 1.05201 1.07171 
0.99185 1.02423 1.05063 1.07167 
0.98786 1.01524 1.03966 1.05845 
0.98066 1.00805 1.03365 1.05531 
0.97706 1.00647 1.03237 1.05692 
0.97948 1.01019 1.03611 1.05849 
0.98035 1.00981 1.03615 1.05783 
0.98155 1.01082 1.03695 1.05826 
0.98023 1.00931 1.03675 1.05819 
0.98061 1.00885 1.03696 1.05769 
0.98126 1.00958 1.03655 1.05728 
0.98034 1.00843 1.03625 1.05639 
0.97955 1.00858 1.03572 1.05654 
0.98049 1.00932 1.03687 1.05699 
0.97951 1.01052 1.03542 1.05726 
0.98047 1.01049 1.03633 1.05703 
0.98037 1.00983 1.03492 1.05737 
0.97983 1.00994 1.03546 1.05747 
