0.26388 0.75326 0.93852 1.02753 
0.87167 0.92238 0.95958 0.98552 
0.95225 0.98486 1.00763 1.03045 
0.92807 0.95381 0.97619 0.99336 
0.93502 0.96987 0.99718 1.01684 
0.91995 0.95367 0.98081 0.99989 
0.91383 0.95548 0.98629 1.00887 
0.90448 0.94953 0.97790 1.00115 
0.91117 0.95669 0.98506 1.00571 
0.90973 0.95156 0.98366 1.00186 
0.91496 0.95838 0.98368 1.00680 
0.91467 0.95394 0.98427 1.00484 
0.91570 0.95833 0.98519 1.00554 
0.91317 0.95338 0.98318 1.00524 
0.91418 0.95478 0.98371 1.00481 
0.91204 0.95649 0.98284 1.00562 
0.91458 0.95400 0.98303 1.00493 
0.91424 0.95703 0.98442 1.00392 
0.91316 0.95637 0.98509 1.00575 
0.91490 0.95408 0.98613 1.00651 
0.91607 0.95657 0.98537 1.00413 
0.91445 0.95517 0.98452 1.00399 
0.91479 0.95647 0.98479 1.00552 
0.91461 0.95568 0.98401 1.00304 
0.91629 0.95567 0.98586 1.00458 
0.91379 0.95570 0.98464 1.00573 
0.91430 0.95645 0.98444 1.00605 
0.91514 0.95700 0.98346 1.00611 
0.91517 0.95472 0.98355 1.00431 
0.91469 0.95507 0.98547 1.00533 
0.91409 0.95688 0.98504 1.00340 
0.91315 0.95468 0.98397 1.00544 
0.91502 0.95644 0.98569 1.00620 
0.91618 0.95521 0.98463 1.00567 
0.91500 0.95547 0.98444 1.00479 
0.91680 0.95498 0.98476 1.00424 
0.91646 0.95446 0.98498 1.00508 
0.91485 0.95808 0.98497 1.00363 
0.91640 0.95725 0.98259 1.00587 
0.91421 0.95539 0.98409 1.00423 
0.26450 0.79885 0.98215 1.04868 
0.86121 0.91035 0.94741 0.97282 
0.94556 0.97691 1.00142 1.02436 
0.91887 0.94272 0.96503 0.98016 
0.92864 0.96837 0.99529 1.01395 
0.91844 0.95161 0.97596 0.99679 
0.91301 0.95706 0.98754 1.00931 
0.90633 0.94890 0.97820 0.99971 
0.91041 0.95500 0.98657 1.00617 
0.91066 0.95230 0.98094 1.00187 
0.91409 0.95595 0.98487 1.00687 
0.91166 0.95371 0.98221 1.00472 
0.91594 0.95524 0.98469 1.00480 
0.91521 0.95511 0.98414 1.00420 
0.91263 0.95591 0.98492 1.00621 
0.91319 0.95646 0.98248 1.00356 
0.91604 0.95525 0.98479 1.00511 
0.91384 0.95634 0.98390 1.00389 
0.91409 0.95518 0.98305 1.00543 
0.91513 0.95522 0.98443 1.00304 
0.91409 0.95576 0.98532 1.00418 
0.91304 0.95539 0.98415 1.00556 
0.91400 0.95736 0.98538 1.00292 
0.91384 0.95632 0.98405 1.00385 
0.91273 0.95669 0.98364 1.00471 
0.91397 0.95677 0.98575 1.00473 
0.91350 0.95530 0.98514 1.00708 
0.91686 0.95776 0.98264 1.00489 
0.91430 0.95577 0.98593 1.00440 
0.91418 0.95626 0.98629 1.00487 
0.91379 0.95585 0.98595 1.00561 
0.91570 0.95779 0.98587 1.00479 
0.91521 0.95692 0.98458 1.00342 
0.91400 0.95421 0.98550 1.00508 
0.91543 0.95412 0.98416 1.00350 
0.91364 0.95480 0.98558 1.00420 
0.91418 0.95560 0.98470 1.00395 
0.91482 0.95631 0.98388 1.00441 
0.91610 0.95884 0.98605 1.00515 
0.91317 0.95402 0.98488 1.00585 
0.26535 0.82896 0.99006 1.05185 
0.86583 0.91446 0.94882 0.97345 
0.94413 0.97126 0.99866 1.02281 
0.91589 0.93772 0.96021 0.97930 
0.92131 0.96269 0.99174 1.01230 
0.91285 0.94754 0.97488 0.99498 
0.90828 0.95509 0.98734 1.00838 
0.90453 0.94563 0.97710 0.99860 
0.90876 0.95403 0.98450 1.00639 
0.91063 0.95209 0.98234 0.99993 
0.91386 0.95654 0.98485 1.00608 
0.91057 0.95349 0.98153 1.00117 
0.91448 0.95356 0.98404 1.00413 
0.91136 0.95575 0.98236 1.00438 
0.91371 0.95379 0.98398 1.00403 
0.91342 0.95519 0.98299 1.00419 
0.91111 0.95418 0.98406 1.00390 
0.91305 0.95498 0.98508 1.00294 
0.91446 0.95603 0.98240 1.00268 
0.91586 0.95435 0.98358 1.00211 
0.91378 0.95439 0.98392 1.00378 
0.91336 0.95488 0.98336 1.00603 
0.91383 0.95406 0.98274 1.00520 
0.91235 0.95567 0.98297 1.00525 
0.91371 0.95505 0.98362 1.00373 
0.91289 0.95537 0.98290 1.00404 
0.91072 0.95547 0.98355 1.00421 
0.91381 0.95419 0.98340 1.00534 
0.91488 0.95435 0.98252 1.00341 
0.91296 0.95472 0.98367 1.00345 
0.91311 0.95411 0.98229 1.00413 
0.91319 0.95428 0.98406 1.00533 
0.91208 0.95322 0.98235 1.00353 
0.91464 0.95591 0.98440 1.00500 
0.91320 0.95535 0.98416 1.00306 
0.91405 0.95620 0.98550 1.00341 
0.91215 0.95483 0.98347 1.00216 
0.91417 0.95479 0.98335 1.00324 
0.91352 0.95605 0.98381 1.00284 
0.91434 0.95509 0.98291 1.00367 
