0.0180267
0.0153203
0.0170488
0.0160387
0.0166686
0.0166507
0.0167646
0.0166724
0.0166548
0.0166256
0.0166271
0.0166202
0.0166182
0.0166064
0.0165881
0.0165792
0.0165804
0.0165703
0.0165569
0.0165438
0.0165517
0.0165316
0.0165244
0.0165022
0.0165108
0.0164775
0.0164822
0.0164598
0.0164721
0.0164722
0.0164493
0.0164452
0.0164563
0.0164354
0.0164202
0.0164201
0.0164113
0.0163822
0.0164163
0.0163875
0.0180267
0.0149088
0.0170672
0.0157152
0.0164564
0.0163346
0.0165723
0.0164355
0.0164503
0.0163966
0.0164174
0.0164053
0.0164104
0.0164231
0.0164114
0.0164043
0.0164172
0.0164265
0.016433
0.0164333
0.0164426
0.0164541
0.0164528
0.0164508
0.01645
0.0164478
0.0164708
0.0164707
0.0164707
0.0164753
0.0164915
0.0165027
0.0165159
0.0165181
0.0165161
0.0165178
0.0165126
0.0165344
0.0165253
0.0165223
