0.0181448
0.0179737
0.0179967
0.0179054
0.0179582
0.0180644
0.0180307
0.0180474
0.0180376
0.0180416
0.0180388
0.018036
0.018038
0.0180371
0.0180359
0.0180346
0.0180337
0.0180326
0.0180318
0.0180297
0.0180282
0.0180283
0.0180258
0.0180259
0.0180252
0.0180232
0.0180213
0.0180223
0.0180199
0.0180202
0.0180176
0.0180164
0.0180149
0.0180134
0.0180093
0.018011
0.0180077
0.0180052
0.0180015
0.0180042
0.0181448
0.0179055
0.0178611
0.0178065
0.0178402
0.0179863
0.0179411
0.0179664
0.0179538
0.0179594
0.0179532
0.0179513
0.0179538
0.017951
0.0179481
0.0179443
0.0179432
0.017941
0.017941
0.0179377
0.0179377
0.0179354
0.0179337
0.0179343
0.0179302
0.0179303
0.0179248
0.0179264
0.0179227
0.0179201
0.0179191
0.0179193
0.0179113
0.0179123
0.0179124
0.0179075
0.0179068
0.0179062
0.0179064
0.0179024
