0.0180267
0.0174933
0.017077
0.0172859
0.0174163
0.0174601
0.0174268
0.017415
0.0174002
0.0173953
0.0173979
0.0173941
0.0173903
0.0173864
0.017376
0.01738
0.017374
0.0173703
0.0173687
0.0173641
0.017356
0.0173544
0.0173515
0.0173456
0.0173376
0.0173394
0.0173338
0.017335
0.0173286
0.0173257
0.0173211
0.0173227
0.0173141
0.017311
0.0173078
0.0173019
0.0172946
0.017303
0.0172913
0.017293
0.0180267
0.0175253
0.0169399
0.0171569
0.0172551
0.0173584
0.0173133
0.0173187
0.0172897
0.0172936
0.017287
0.0172889
0.0172888
0.0172855
0.0172891
0.0172905
0.0172963
0.0173004
0.0172962
0.0172977
0.0173005
0.0173055
0.0173063
0.017302
0.0173019
0.0173074
0.0173116
0.0173107
0.0173129
0.0173219
0.0173215
0.0173234
0.0173239
0.0173294
0.0173246
0.017326
0.0173326
0.0173396
0.0173292
0.0173364
