0.0180031
0.0160613
0.0160919
0.012674
0.0151977
0.0136545
0.0146037
0.0143937
0.0144387
0.0143315
0.0143132
0.0142989
0.0142911
0.0142967
0.0143218
0.0143203
0.0143332
0.0143436
0.0143508
0.0143707
0.0143979
0.014389
0.0144044
0.014433
0.0144329
0.0144551
0.0144871
0.0144836
0.0145167
0.014523
0.0145565
0.0145655
0.0146058
0.0146194
0.0146555
0.0146822
0.01471
0.0147201
0.014766
0.0147715
0.0180031
0.0165013
0.0165746
0.0138001
0.0159418
0.0147115
0.0155783
0.015459
0.0156099
0.0155551
0.0156127
0.0156067
0.0156482
0.0156795
0.0157071
0.0157429
0.0157722
0.0157953
0.0158296
0.0158569
0.0158748
0.0159107
0.0159162
0.0159594
0.0159735
0.015998
0.0160113
0.0160316
0.0160579
0.0160741
0.0160995
0.0161126
0.0161457
0.0161722
0.0162036
0.0162136
0.0162382
0.0162569
0.016262
0.016272
