0.0180267
0.017242
0.0144098
0.0165546
0.0153253
0.0160123
0.0159165
0.0160318
0.0159235
0.0159087
0.0158776
0.0158731
0.0158635
0.0158598
0.0158322
0.0158187
0.0158073
0.0158014
0.0157905
0.0157719
0.0157483
0.0157568
0.015734
0.0157244
0.0156887
0.0157011
0.0156631
0.0156689
0.0156385
0.0156484
0.0156416
0.0156187
0.0156065
0.0156253
0.015592
0.0155778
0.0155717
0.0155741
0.0155295
0.015572
0.0180267
0.0173202
0.0138403
0.0165204
0.0149014
0.0157173
0.0155314
0.0157587
0.0155972
0.0156275
0.0155702
0.015587
0.0155832
0.0155827
0.0155985
0.0155962
0.0155899
0.0156091
0.015617
0.0156258
0.0156286
0.0156484
0.0156539
0.0156553
0.0156573
0.015659
0.0156593
0.0156831
0.0156927
0.0156996
0.0156951
0.0157204
0.0157319
0.0157487
0.0157535
0.0157563
0.0157638
0.0157537
0.0157793
0.0157795
