0.018059
0.0163319
0.017357
0.0168817
0.0172863
0.0173291
0.0173954
0.0173722
0.0173724
0.0173641
0.0173688
0.0173592
0.0173487
0.0173444
0.0173329
0.0173142
0.0173112
0.0172973
0.017283
0.0172667
0.0172616
0.0172524
0.0172404
0.01722
0.0172115
0.0171896
0.01718
0.0171675
0.0171526
0.0171549
0.0171346
0.0171106
0.0171087
0.0170727
0.0170704
0.0170387
0.0170289
0.017011
0.0170129
0.0169803
0.018059
0.0151368
0.0171884
0.0160149
0.016717
0.0166343
0.0168003
0.0166832
0.016701
0.0166594
0.0166597
0.0166415
0.0166283
0.016623
0.0166072
0.0166063
0.0165861
0.0165832
0.0165575
0.016564
0.0165696
0.0165632
0.0165554
0.0165352
0.0165319
0.0165222
0.0165235
0.0165161
0.0165007
0.0165036
0.0165048
0.0165025
0.0165024
0.0164939
0.0164816
0.0164871
0.0164529
0.0164755
0.016466
0.0164555
