0.0181899
0.0181276
0.0181387
0.0179713
0.0180432
0.0181341
0.0181012
0.0181217
0.0181123
0.0181158
0.0181137
0.0181148
0.0181137
0.0181169
0.0181178
0.0181187
0.0181162
0.0181161
0.0181177
0.0181197
0.0181195
0.0181216
0.0181215
0.0181202
0.0181238
0.0181237
0.0181247
0.018126
0.0181266
0.0181269
0.0181267
0.0181288
0.01813
0.0181287
0.0181301
0.0181308
0.0181323
0.0181316
0.0181327
0.0181339
0.0181899
0.0180961
0.0180939
0.0179991
0.0180923
0.0181456
0.0181284
0.0181426
0.0181399
0.018143
0.0181424
0.0181451
0.0181445
0.0181448
0.0181451
0.018145
0.0181445
0.0181433
0.0181442
0.0181455
0.0181442
0.0181441
0.0181446
0.0181447
0.018145
0.0181445
0.0181438
0.0181445
0.0181446
0.0181431
0.0181428
0.0181441
0.0181423
0.0181414
0.018141
0.0181416
0.0181417
0.0181426
0.0181419
0.0181394
