0.018059
0.01741
0.0158379
0.0170885
0.0164623
0.0169365
0.0169319
0.0170208
0.0169889
0.0169955
0.0169897
0.0169853
0.0169694
0.016958
0.0169416
0.0169264
0.0169011
0.0168897
0.0168681
0.0168472
0.0168228
0.0168153
0.0168032
0.0167834
0.0167522
0.0167364
0.0167115
0.0166969
0.0166771
0.0166481
0.0166426
0.016616
0.0165785
0.0165782
0.0165257
0.0165185
0.0164806
0.0164675
0.0164324
0.0164237
0.018059
0.0173742
0.0142008
0.0167164
0.0152873
0.0160743
0.0159116
0.0160803
0.0159428
0.0159691
0.0159123
0.0159121
0.0158911
0.0158631
0.0158663
0.0158401
0.0158313
0.0158065
0.015806
0.0157724
0.0157804
0.0157769
0.0157708
0.0157645
0.0157349
0.0157372
0.015724
0.0157169
0.0157163
0.0156982
0.0156941
0.0156972
0.0156848
0.015681
0.0156702
0.0156534
0.0156659
0.0156303
0.0156492
0.0156478
