0.0180267
0.0162853
0.0163271
0.013354
0.0155252
0.0141847
0.0148565
0.0147091
0.0148154
0.0147023
0.0146992
0.0146491
0.0146353
0.0146202
0.0146092
0.0145726
0.0145542
0.0145409
0.0145237
0.0145046
0.0144829
0.0144597
0.0144503
0.0144213
0.0144069
0.0143658
0.0143694
0.0143287
0.0143337
0.0142964
0.0143025
0.0142871
0.014264
0.0142458
0.0142664
0.0142355
0.0142016
0.0141897
0.0142056
0.0141525
0.0180267
0.0162433
0.0162889
0.0126743
0.015382
0.0136246
0.0144377
0.0141981
0.0144079
0.0142372
0.0142813
0.0142152
0.0142425
0.0142487
0.0142529
0.0142646
0.0142761
0.0142756
0.014299
0.0143044
0.0143168
0.0143312
0.0143378
0.0143547
0.0143615
0.0143649
0.0143762
0.014374
0.014407
0.0144261
0.0144303
0.0144409
0.0144674
0.0144908
0.0145152
0.0145175
0.0145326
0.014531
0.0145298
0.0145539
