0.0181448
0.0177866
0.0178804
0.0176689
0.0178896
0.017888
0.0178171
0.01787
0.0179867
0.0179553
0.0179768
0.0179663
0.0179686
0.0179647
0.0179595
0.0179609
0.0179566
0.0179543
0.0179497
0.0179458
0.0179399
0.0179369
0.017931
0.0179287
0.0179266
0.0179194
0.0179155
0.0179127
0.0179068
0.0179013
0.0178961
0.0178913
0.0178858
0.0178732
0.0178719
0.0178613
0.0178553
0.0178438
0.0178436
0.0178301
0.0181448
0.017497
0.0176672
0.0166595
0.0175486
0.0173291
0.0174133
0.0174086
0.0175911
0.0175345
0.0175667
0.0175485
0.0175524
0.0175348
0.0175208
0.0175128
0.0174945
0.0174838
0.0174711
0.0174573
0.0174517
0.0174368
0.0174235
0.0174167
0.0174071
0.0173973
0.0173892
0.0173771
0.0173662
0.0173469
0.0173446
0.0173207
0.0173159
0.0172869
0.0172844
0.0172614
0.0172562
0.0172599
0.0172347
0.0172296
