0.0180031
0.0171754
0.0138369
0.0163577
0.014932
0.0158907
0.0157389
0.0157964
0.0156935
0.0156742
0.0156471
0.015649
0.0156508
0.0156686
0.0156655
0.0156713
0.0156719
0.0156763
0.0156945
0.0157125
0.0157071
0.0157204
0.0157387
0.0157312
0.0157415
0.0157728
0.0157725
0.015788
0.0157831
0.0158122
0.0158135
0.0158471
0.0158546
0.0158735
0.0158909
0.0159085
0.0159138
0.015948
0.0159378
0.0159921
0.0180031
0.0173377
0.0147247
0.0167868
0.015638
0.0164704
0.0163669
0.0165092
0.0164617
0.016483
0.0164838
0.0165109
0.0165195
0.0165417
0.0165703
0.0165794
0.0165944
0.016624
0.0166364
0.0166575
0.0166785
0.0166766
0.0167072
0.0167136
0.0167296
0.0167385
0.0167579
0.0167681
0.0167739
0.016799
0.0167969
0.0168211
0.0168391
0.0168577
0.0168709
0.0168795
0.0169004
0.0168958
0.0169072
0.0169107
