0.0180992
0.0174038
0.017506
0.016855
0.0174059
0.0172529
0.0173522
0.0173731
0.0175357
0.0174968
0.0175337
0.0175234
0.0175164
0.0175112
0.0175002
0.0174871
0.0174776
0.0174658
0.0174518
0.0174329
0.0174203
0.0174028
0.0173912
0.0173778
0.0173662
0.01734
0.0173267
0.0173195
0.0172924
0.017282
0.0172569
0.0172406
0.0172221
0.0171888
0.0171764
0.0171425
0.017129
0.0170945
0.0170859
0.017048
0.0180992
0.0169061
0.0171096
0.014847
0.0166907
0.0158667
0.0163207
0.0162317
0.0164262
0.0163344
0.0163562
0.0163296
0.0163221
0.0162921
0.0162655
0.0162467
0.0162052
0.0161856
0.0161501
0.016137
0.0161067
0.0160807
0.0160722
0.0160574
0.01603
0.0160036
0.0159963
0.01597
0.015943
0.0159162
0.0159053
0.0158695
0.0158582
0.0158189
0.015802
0.0157737
0.0157547
0.0157739
0.0157279
0.0157185
