0.018059
0.0176056
0.0174412
0.017619
0.0177343
0.0177564
0.0177459
0.0177493
0.0177467
0.0177487
0.0177462
0.0177416
0.0177397
0.0177392
0.017729
0.0177245
0.0177225
0.0177136
0.0177096
0.017706
0.0176992
0.0176939
0.0176914
0.0176863
0.0176789
0.0176703
0.017665
0.0176615
0.0176583
0.017653
0.0176427
0.0176382
0.0176239
0.017624
0.0176117
0.0176057
0.0175997
0.0175939
0.0175859
0.0175793
0.018059
0.0175751
0.0170826
0.0173295
0.0174348
0.0174918
0.0174577
0.0174598
0.0174425
0.0174392
0.0174259
0.01743
0.0174265
0.0174158
0.017417
0.0174129
0.0174068
0.0173995
0.0173954
0.0173924
0.0173941
0.0173897
0.0173845
0.0173824
0.0173778
0.0173778
0.0173762
0.0173677
0.0173708
0.0173738
0.0173674
0.0173646
0.0173599
0.0173579
0.0173506
0.017347
0.017349
0.0173469
0.0173472
0.0173474
