0.0180267
0.0178421
0.0179375
0.0179943
0.0179725
0.0179836
0.0179773
0.0179802
0.017978
0.0179775
0.0179785
0.0179772
0.0179776
0.0179783
0.0179754
0.0179761
0.0179755
0.0179743
0.0179738
0.0179726
0.0179715
0.0179708
0.0179709
0.0179706
0.017969
0.0179675
0.0179666
0.0179685
0.0179671
0.0179658
0.0179643
0.017964
0.0179637
0.0179622
0.0179601
0.0179607
0.0179576
0.0179584
0.0179569
0.0179565
0.0180267
0.0178072
0.0178582
0.0179738
0.0179296
0.017952
0.0179394
0.017943
0.017939
0.0179386
0.0179369
0.0179379
0.0179383
0.0179361
0.0179378
0.0179354
0.0179356
0.0179338
0.0179349
0.0179335
0.0179341
0.0179329
0.0179324
0.0179332
0.0179318
0.0179317
0.0179294
0.01793
0.0179327
0.0179319
0.0179313
0.0179314
0.0179301
0.017929
0.0179271
0.0179307
0.0179281
0.0179269
0.0179275
0.0179286
