0.0180092
0.0176307
0.0175229
0.0176347
0.017736
0.0177948
0.0177899
0.017807
0.0178106
0.0178185
0.0178212
0.0178221
0.017827
0.0178309
0.017838
0.0178413
0.0178431
0.0178458
0.0178501
0.0178544
0.0178576
0.0178618
0.0178655
0.0178691
0.0178721
0.0178765
0.0178809
0.0178832
0.0178855
0.0178877
0.01789
0.0178943
0.0178987
0.017902
0.0179053
0.0179088
0.0179123
0.0179159
0.0179176
0.0179192
0.0180092
0.0177138
0.0177366
0.0178103
0.0179191
0.0179464
0.017948
0.0179582
0.0179607
0.0179632
0.0179672
0.0179684
0.0179688
0.0179717
0.0179728
0.0179734
0.017974
0.0179745
0.0179753
0.0179758
0.017977
0.0179775
0.0179774
0.0179784
0.0179796
0.0179794
0.0179798
0.0179801
0.0179808
0.0179805
0.0179811
0.0179831
0.0179834
0.0179835
0.0179846
0.0179838
0.0179847
0.0179837
0.0179847
0.0179843
