0.0180092
0.0169496
0.0171069
0.0157031
0.0168597
0.0164367
0.0168152
0.0168815
0.0170231
0.0170241
0.0170687
0.0170785
0.0170964
0.0171226
0.0171437
0.0171665
0.0171834
0.0172052
0.0172155
0.0172325
0.0172575
0.0172788
0.0172923
0.0173159
0.0173338
0.017354
0.0173722
0.0173797
0.0174045
0.0174154
0.0174362
0.0174463
0.0174697
0.0174784
0.0175035
0.0175172
0.0175382
0.0175479
0.0175711
0.0175784
0.0180092
0.017335
0.0174835
0.0169758
0.0174818
0.0174249
0.0176025
0.0177177
0.0177794
0.0177916
0.0178122
0.0178189
0.0178281
0.0178381
0.0178426
0.0178477
0.0178558
0.0178633
0.0178636
0.0178678
0.017871
0.0178758
0.017876
0.0178815
0.0178832
0.0178864
0.0178884
0.0178929
0.0178935
0.0178962
0.0178986
0.0179003
0.017902
0.0179033
0.0179103
0.0179098
0.0179129
0.0179154
0.0179155
0.0179195
