0.0181899
0.0181448
0.0179757
0.0180486
0.0181387
0.0181059
0.0181263
0.0181168
0.0181198
0.0181187
0.0181192
0.0181181
0.0181215
0.0181222
0.0181235
0.0181207
0.0181206
0.0181228
0.0181246
0.0181241
0.0181262
0.0181265
0.0181252
0.0181292
0.0181292
0.0181295
0.0181307
0.0181317
0.0181321
0.0181318
0.0181341
0.0181356
0.0181343
0.0181356
0.0181365
0.018138
0.0181376
0.0181386
0.0181401
0.018141
0.0181899
0.0181172
0.0180091
0.0181103
0.0181565
0.0181411
0.0181542
0.0181517
0.0181537
0.0181538
0.0181564
0.0181559
0.0181566
0.018157
0.0181578
0.0181568
0.0181566
0.0181579
0.0181586
0.0181583
0.0181594
0.0181587
0.0181594
0.0181595
0.0181592
0.01816
0.0181602
0.0181608
0.0181599
0.0181597
0.018161
0.0181608
0.0181597
0.0181603
0.0181604
0.0181603
0.0181616
0.0181619
0.0181603
0.0181611
