0.0181899
0.0180546
0.0180983
0.0180143
0.0181056
0.0181153
0.0179495
0.0180228
0.0181149
0.0180824
0.0181033
0.0180922
0.0180965
0.0180941
0.0180961
0.0180941
0.0180969
0.0180989
0.0181001
0.0180962
0.0180949
0.0180972
0.018098
0.0180981
0.0181003
0.0180996
0.0180983
0.0181016
0.0181003
0.0181011
0.0181018
0.0181022
0.0181027
0.0181012
0.0181016
0.0181023
0.0181015
0.0181014
0.0181015
0.0181022
0.0181899
0.0179696
0.0180315
0.0177805
0.0180243
0.0179948
0.0179267
0.0180149
0.0180766
0.0180603
0.0180764
0.018074
0.0180772
0.0180748
0.0180728
0.01807
0.0180679
0.0180679
0.0180637
0.018061
0.0180613
0.0180549
0.0180569
0.0180533
0.0180519
0.0180525
0.0180509
0.0180481
0.0180448
0.0180403
0.0180403
0.0180347
0.0180337
0.0180297
0.0180268
0.0180232
0.0180212
0.0180198
0.0180171
0.0180146
