0.0180267
0.0176836
0.017532
0.0178229
0.0178037
0.0178154
0.0178046
0.0177997
0.0177957
0.017795
0.0177954
0.0177919
0.0177928
0.017789
0.0177887
0.017786
0.0177851
0.0177842
0.0177826
0.017779
0.017776
0.0177777
0.0177741
0.0177724
0.0177724
0.017769
0.0177659
0.0177672
0.0177658
0.0177646
0.0177639
0.0177623
0.0177564
0.0177588
0.0177552
0.0177516
0.0177501
0.0177511
0.0177462
0.0177491
0.0180267
0.01768
0.0174274
0.0177322
0.0177475
0.0177501
0.0177491
0.0177406
0.0177343
0.017732
0.0177325
0.0177317
0.0177335
0.0177305
0.0177328
0.0177339
0.0177349
0.0177317
0.0177316
0.0177341
0.0177344
0.0177366
0.0177335
0.0177325
0.017734
0.0177347
0.0177359
0.0177326
0.0177369
0.01774
0.0177385
0.0177379
0.017741
0.0177389
0.0177358
0.0177352
0.0177458
0.0177377
0.0177358
0.0177403
