0.0179787
0.0179787
0.0179787
0.0179787
0.0179787
0.0179787
0.0179787
0.0179787
0.0179787
0.0179787
0.0179787
0.0179787
0.0179787
0.0179787
0.0179787
0.0179787
0.0179787
0.0179787
0.0179787
0.0179787
0.0179787
0.0179787
0.0179787
0.0179787
0.0179787
0.0179787
0.0179787
0.0179787
0.0179787
0.0179787
0.0179787
0.0179787
0.0179787
0.0179787
0.0179787
0.0179787
0.0179787
0.0179787
0.0179787
0.0179787
0.0179787
0.0179787
0.0179787
0.0179787
0.0179787
0.0179787
0.0179787
0.0179787
0.0179787
0.0179787
0.0179787
0.0179787
0.0179787
0.0179787
0.0179787
0.0179787
0.0179787
0.0179787
0.0179787
0.0179787
0.0179787
0.0179787
0.0179787
0.0179787
0.0179787
0.0179787
0.0179787
0.0179787
0.0179787
0.0179787
0.0179787
0.0179787
0.0179787
0.0179787
0.0179787
0.0179787
0.0179787
0.0179787
0.0179787
0.0179787
