0.0180992
0.0172328
0.0176985
0.0176003
0.0176585
0.0176828
0.0178298
0.0177894
0.017816
0.0178062
0.0178108
0.0178077
0.0178012
0.0178004
0.0177935
0.0177885
0.0177838
0.0177783
0.0177762
0.0177677
0.017761
0.0177587
0.0177533
0.0177437
0.0177416
0.017733
0.0177216
0.0177218
0.017713
0.0177123
0.0177001
0.0176852
0.0176848
0.0176739
0.0176671
0.017649
0.017649
0.0176334
0.0176324
0.0176193
0.0180992
0.016016
0.0175144
0.0169023
0.0172556
0.017248
0.0174238
0.0173436
0.0173723
0.0173463
0.0173499
0.0173441
0.017335
0.0173211
0.0173119
0.0173104
0.0172898
0.0172773
0.0172627
0.0172649
0.0172631
0.0172502
0.0172395
0.0172311
0.0172308
0.0172095
0.0172006
0.0171982
0.0171858
0.0171739
0.0171761
0.0171612
0.0171608
0.0171326
0.017129
0.0171391
0.0171083
0.0171176
0.0171093
0.0170992
