0.0181899
0.0179808
0.0180524
0.0181431
0.0181098
0.0181301
0.0181208
0.0181236
0.0181223
0.0181235
0.0181222
0.0181254
0.0181269
0.0181273
0.0181246
0.0181251
0.0181272
0.0181285
0.0181279
0.0181302
0.0181307
0.0181299
0.018133
0.0181335
0.0181336
0.018135
0.0181357
0.0181365
0.0181363
0.0181382
0.0181398
0.0181385
0.0181406
0.0181412
0.0181418
0.018142
0.0181437
0.0181451
0.018146
0.0181469
0.0181899
0.0180237
0.0181167
0.0181664
0.0181479
0.018162
0.0181587
0.018161
0.0181609
0.0181636
0.0181632
0.0181636
0.0181643
0.0181648
0.0181645
0.0181639
0.018166
0.0181668
0.0181662
0.0181671
0.0181672
0.0181678
0.0181679
0.0181682
0.0181687
0.018169
0.0181699
0.0181696
0.0181694
0.0181699
0.0181704
0.01817
0.0181704
0.0181708
0.0181711
0.0181722
0.0181723
0.0181718
0.0181723
0.0181728
