0.0180031
0.01764
0.0176141
0.0178711
0.0177855
0.0178254
0.0178055
0.0178031
0.0177984
0.017798
0.017799
0.0177994
0.017802
0.0177979
0.0177994
0.0177987
0.0178022
0.0178013
0.0178034
0.0178042
0.0178049
0.0178045
0.0178064
0.0178066
0.0178081
0.01781
0.0178112
0.0178121
0.0178103
0.017815
0.0178132
0.0178178
0.0178172
0.0178181
0.0178205
0.0178188
0.01782
0.0178259
0.0178253
0.0178313
0.0180031
0.0176859
0.0176763
0.0179047
0.0178369
0.0178757
0.0178624
0.0178692
0.0178645
0.0178686
0.0178694
0.0178723
0.0178707
0.017874
0.0178752
0.0178755
0.0178782
0.0178805
0.0178803
0.0178826
0.0178839
0.0178843
0.0178852
0.0178866
0.0178887
0.0178895
0.01789
0.0178905
0.0178925
0.0178953
0.0178933
0.0178972
0.0178959
0.0178985
0.017899
0.0178993
0.0179023
0.0178998
0.0178989
0.0179023
