0.0179787
0.0154969
0.0170918
0.0162484
0.0169262
0.0169398
0.017024
0.0169909
0.0169886
0.0169863
0.0169861
0.0169919
0.0170102
0.0170208
0.017038
0.0170472
0.0170507
0.0170667
0.0170806
0.0170945
0.0171125
0.017129
0.0171299
0.0171475
0.0171621
0.0171746
0.017181
0.0171964
0.0172118
0.0172195
0.0172422
0.0172476
0.017273
0.0172763
0.0172914
0.0172992
0.0173184
0.0173288
0.0173476
0.0173607
0.0179787
0.0165118
0.0174247
0.0170578
0.0174259
0.0174775
0.0175646
0.0175657
0.0175935
0.0175978
0.0176153
0.0176224
0.0176279
0.017639
0.0176456
0.0176506
0.0176615
0.017666
0.0176723
0.0176827
0.017679
0.0176855
0.0176898
0.0176981
0.0177003
0.0177037
0.0177096
0.0177133
0.0177136
0.0177161
0.0177212
0.017726
0.0177333
0.0177365
0.0177391
0.0177419
0.0177481
0.0177502
0.0177473
0.0177503
