0.0181448
0.0180202
0.0179169
0.0179776
0.0180773
0.0180454
0.0180602
0.0180503
0.0180531
0.0180502
0.0180482
0.0180509
0.0180493
0.0180487
0.0180481
0.0180468
0.0180464
0.0180459
0.0180451
0.0180437
0.0180439
0.0180415
0.0180429
0.0180418
0.0180413
0.0180393
0.0180401
0.0180388
0.0180398
0.0180376
0.0180376
0.0180375
0.0180356
0.0180336
0.0180354
0.0180334
0.0180328
0.0180287
0.0180328
0.0180296
0.0181448
0.0179795
0.0178512
0.0179277
0.0180409
0.0180075
0.0180259
0.0180174
0.0180183
0.0180154
0.0180135
0.0180162
0.018015
0.0180144
0.0180128
0.0180131
0.0180137
0.0180131
0.0180101
0.0180116
0.0180126
0.0180109
0.0180115
0.0180101
0.0180101
0.0180086
0.0180103
0.0180089
0.0180077
0.0180084
0.0180081
0.0180066
0.0180057
0.018008
0.0180051
0.0180026
0.0180041
0.0180074
0.0180027
0.0180028
