0.0180992
0.0176645
0.0170692
0.0176074
0.0174528
0.0175473
0.0175577
0.0177154
0.0176763
0.0177066
0.0177
0.0176992
0.0176946
0.0176894
0.0176842
0.0176759
0.017667
0.0176595
0.0176493
0.0176424
0.017631
0.0176213
0.0176171
0.01761
0.0175957
0.0175853
0.0175775
0.0175638
0.0175577
0.0175433
0.0175369
0.0175203
0.0175005
0.0174976
0.0174758
0.0174636
0.0174415
0.01744
0.0174161
0.017406
0.0180992
0.0175811
0.0154843
0.017255
0.0164718
0.016928
0.0168618
0.0170501
0.0169573
0.0169974
0.0169618
0.0169669
0.0169543
0.0169377
0.0169193
0.0168998
0.0168927
0.0168601
0.0168519
0.0168302
0.016824
0.01681
0.0168027
0.0167908
0.0167715
0.0167732
0.0167422
0.0167283
0.016718
0.0167003
0.0166897
0.016686
0.0166567
0.0166542
0.0166194
0.0166133
0.0166231
0.01659
0.0165929
0.0165887
