0.0180092
0.0165316
0.0174549
0.0171326
0.0174104
0.017489
0.0175805
0.0175713
0.0176031
0.0176065
0.0176107
0.0176261
0.0176299
0.0176403
0.0176493
0.0176608
0.0176617
0.0176696
0.0176797
0.0176861
0.0176965
0.0177067
0.0177122
0.0177179
0.0177274
0.0177338
0.0177408
0.017746
0.0177552
0.0177591
0.0177684
0.0177702
0.017782
0.0177898
0.0177962
0.0177989
0.0178129
0.0178146
0.0178217
0.0178265
0.0180092
0.0172345
0.0176571
0.0176153
0.0177469
0.0178515
0.0178942
0.0179012
0.0179144
0.0179171
0.0179237
0.0179284
0.0179305
0.0179334
0.0179365
0.0179394
0.017941
0.0179426
0.017943
0.0179458
0.0179453
0.0179482
0.0179489
0.0179506
0.0179503
0.0179539
0.0179543
0.0179551
0.0179561
0.0179571
0.0179557
0.0179581
0.0179604
0.0179605
0.0179613
0.0179631
0.0179636
0.0179651
0.0179633
0.017965
