0.0179787
0.0172461
0.0147018
0.0166806
0.0156391
0.0164074
0.0163695
0.0164643
0.0164229
0.0164415
0.0164336
0.0164422
0.0164611
0.016478
0.0165036
0.0165231
0.0165386
0.0165466
0.0165672
0.0165929
0.0166123
0.0166323
0.016662
0.0166692
0.0166976
0.0167198
0.0167434
0.0167509
0.0167709
0.0167969
0.0168097
0.0168413
0.0168582
0.0168858
0.0169038
0.0169199
0.0169446
0.0169743
0.0169835
0.017016
0.0179787
0.017428
0.0161225
0.0172356
0.016763
0.0172137
0.0172436
0.0173604
0.017364
0.0174001
0.0174109
0.0174305
0.0174439
0.0174553
0.0174659
0.0174798
0.0174921
0.0175044
0.0175116
0.0175222
0.0175308
0.0175329
0.0175421
0.0175506
0.0175601
0.0175663
0.017572
0.0175773
0.0175833
0.0175891
0.0175923
0.0175993
0.017605
0.0176164
0.0176243
0.0176273
0.017633
0.0176379
0.0176424
0.0176401
