0.0179787
0.0176474
0.0176269
0.0178738
0.0178101
0.0178465
0.0178326
0.0178351
0.0178344
0.0178349
0.017835
0.0178382
0.0178416
0.0178419
0.0178413
0.017843
0.017844
0.0178476
0.0178474
0.0178508
0.0178516
0.0178522
0.0178556
0.0178556
0.0178578
0.0178619
0.0178634
0.017863
0.0178646
0.0178664
0.0178684
0.0178689
0.017872
0.0178732
0.0178741
0.0178751
0.0178779
0.0178809
0.0178811
0.0178832
0.0179787
0.0177232
0.017736
0.017897
0.0178848
0.0179012
0.0179025
0.0179067
0.0179072
0.01791
0.0179121
0.0179098
0.017913
0.0179139
0.0179135
0.0179137
0.0179141
0.0179159
0.0179145
0.0179163
0.0179166
0.0179167
0.0179169
0.0179187
0.0179199
0.017919
0.0179194
0.0179192
0.0179197
0.0179196
0.0179195
0.0179208
0.0179201
0.0179207
0.0179221
0.0179218
0.0179217
0.0179205
0.0179209
0.0179212
