0.0180031
0.0179717
0.0180013
0.0180021
0.0180015
0.0180014
0.018002
0.0180014
0.0180021
0.0180011
0.018002
0.0180025
0.0180011
0.0180021
0.0180014
0.0180018
0.018002
0.018001
0.0180017
0.0180027
0.0180024
0.0180015
0.0180019
0.0180016
0.0180014
0.0180018
0.0180017
0.0180018
0.0180016
0.0180017
0.0180019
0.0180012
0.0180017
0.0180016
0.018001
0.0180015
0.0180017
0.0180015
0.0180015
0.018001
0.0180031
0.0179555
0.0179965
0.0180008
0.0179989
0.0180002
0.0180003
0.0180002
0.0180005
0.0180005
0.0180005
0.0180005
0.018
0.0180002
0.0180003
0.0180001
0.0180003
0.0179994
0.0179997
0.0180001
0.0179997
0.0179996
0.0179998
0.018
0.0179996
0.018
0.0179993
0.0179994
0.0179992
0.017999
0.0179995
0.0179989
0.017999
0.0179992
0.0179988
0.0179985
0.0179989
0.017999
0.0179986
0.0179989
