0.0180092
0.0178535
0.0179426
0.0179866
0.0179702
0.0179824
0.0179786
0.0179804
0.0179817
0.0179833
0.0179821
0.0179834
0.0179836
0.0179848
0.0179846
0.0179844
0.0179855
0.0179865
0.0179866
0.0179861
0.0179871
0.0179887
0.0179888
0.0179884
0.0179902
0.0179902
0.0179913
0.0179903
0.017991
0.0179913
0.0179924
0.0179931
0.0179922
0.0179935
0.0179941
0.0179939
0.0179951
0.0179945
0.017995
0.0179956
0.0180092
0.0178826
0.0179844
0.0180009
0.0179954
0.0180001
0.0179995
0.0180009
0.0180007
0.0180012
0.0180014
0.0180018
0.0180018
0.0180026
0.0180024
0.0180021
0.0180022
0.0180019
0.0180025
0.0180028
0.0180023
0.0180025
0.018003
0.0180026
0.0180025
0.0180029
0.018003
0.018003
0.0180028
0.0180031
0.0180035
0.0180028
0.0180035
0.0180034
0.0180034
0.0180027
0.0180036
0.0180035
0.0180035
0.0180031
