0.0181899
0.0181899
0.0181899
0.0181899
0.0181899
0.0181899
0.0181899
0.0181899
0.0181899
0.0181899
0.0181899
0.0181899
0.0181899
0.0181899
0.0181899
0.0181899
0.0181899
0.0181899
0.0181899
0.0181899
0.0181899
0.0181899
0.0181899
0.0181899
0.0181899
0.0181899
0.0181899
0.0181899
0.0181899
0.0181899
0.0181899
0.0181899
0.0181899
0.0181899
0.0181899
0.0181899
0.0181899
0.0181899
0.0181899
0.0181899
0.0181899
0.0181899
0.0181899
0.0181899
0.0181899
0.0181899
0.0181899
0.0181899
0.0181899
0.0181899
0.0181899
0.0181899
0.0181899
0.0181899
0.0181899
0.0181899
0.0181899
0.0181899
0.0181899
0.0181899
0.0181899
0.0181899
0.0181899
0.0181899
0.0181899
0.0181899
0.0181899
0.0181899
0.0181899
0.0181899
0.0181899
0.0181899
0.0181899
0.0181899
0.0181899
0.0181899
0.0181899
0.0181899
0.0181899
0.0181899
