0.0180031
0.0174445
0.0169297
0.0173305
0.0174106
0.0174
0.0173963
0.017369
0.0173557
0.0173513
0.0173525
0.0173569
0.017359
0.0173577
0.0173571
0.0173586
0.0173622
0.0173653
0.0173675
0.0173698
0.0173748
0.0173726
0.0173746
0.0173813
0.0173815
0.0173921
0.0173918
0.0173966
0.0173963
0.0174025
0.0174064
0.0174094
0.017415
0.0174189
0.0174223
0.0174281
0.0174258
0.0174417
0.0174418
0.0174543
0.0180031
0.0175339
0.0171415
0.0174774
0.0175559
0.017571
0.0175779
0.017582
0.0175776
0.0175822
0.0175882
0.017591
0.0175968
0.0175989
0.0176056
0.017613
0.0176162
0.0176209
0.0176279
0.0176276
0.0176343
0.0176372
0.0176439
0.0176441
0.0176509
0.0176558
0.0176587
0.0176594
0.0176617
0.0176724
0.0176734
0.0176738
0.0176789
0.017683
0.0176883
0.0176919
0.0176945
0.0176941
0.0176919
0.0176935
