0.0181899
0.0181067
0.0180226
0.0181135
0.0181229
0.0179574
0.01803
0.0181214
0.0180892
0.0181096
0.0180995
0.0181035
0.0181015
0.0181032
0.0181011
0.0181043
0.0181058
0.0181067
0.0181036
0.0181026
0.0181044
0.0181055
0.0181058
0.0181078
0.0181075
0.0181066
0.0181097
0.0181091
0.0181101
0.0181105
0.0181119
0.0181118
0.0181112
0.0181125
0.0181128
0.0181124
0.0181125
0.018113
0.0181144
0.0181136
0.0181899
0.0180595
0.0178248
0.0180621
0.0180271
0.0179582
0.0180467
0.0181058
0.0180879
0.0181053
0.0181018
0.0181063
0.0181041
0.0181049
0.0181038
0.0181011
0.0181027
0.0180988
0.0180974
0.0180967
0.0180941
0.0180967
0.0180944
0.0180926
0.0180928
0.0180919
0.0180903
0.0180885
0.0180873
0.0180852
0.0180846
0.0180834
0.0180794
0.0180778
0.0180758
0.018074
0.0180736
0.0180724
0.0180704
0.0180698
