0.0181448
0.0179311
0.017985
0.0180885
0.0180535
0.0180687
0.0180586
0.0180609
0.0180572
0.0180557
0.0180584
0.0180568
0.0180568
0.0180564
0.0180551
0.0180545
0.0180539
0.0180539
0.0180528
0.018053
0.0180507
0.0180518
0.0180515
0.018051
0.01805
0.0180502
0.0180486
0.0180506
0.0180487
0.018049
0.0180491
0.0180484
0.0180459
0.0180486
0.0180472
0.0180468
0.0180436
0.018047
0.0180446
0.0180465
0.0181448
0.0179174
0.0179492
0.018084
0.0180343
0.018059
0.0180479
0.01805
0.0180457
0.0180453
0.0180467
0.0180465
0.0180466
0.0180459
0.0180474
0.0180479
0.0180493
0.0180469
0.0180485
0.0180492
0.0180498
0.0180499
0.0180496
0.0180504
0.0180487
0.0180513
0.0180509
0.0180507
0.0180517
0.0180521
0.0180504
0.0180523
0.0180535
0.0180524
0.0180515
0.0180522
0.0180554
0.0180523
0.0180524
0.0180536
