0.0179787
0.0174737
0.017124
0.0174236
0.0175313
0.0175419
0.0175478
0.0175401
0.0175417
0.0175471
0.0175447
0.01755
0.0175573
0.0175641
0.0175672
0.0175724
0.0175732
0.0175788
0.0175847
0.0175924
0.0175979
0.0176014
0.0176065
0.0176147
0.0176203
0.0176253
0.0176357
0.0176379
0.0176394
0.0176463
0.0176501
0.017656
0.0176625
0.0176694
0.0176756
0.017679
0.0176871
0.0176964
0.0176988
0.0177055
0.0179787
0.0175951
0.0174694
0.0176437
0.0177339
0.0177745
0.0177761
0.0177946
0.0177977
0.017804
0.0178098
0.0178118
0.0178138
0.0178196
0.0178212
0.0178248
0.0178273
0.0178289
0.017832
0.017832
0.0178338
0.0178367
0.0178399
0.0178423
0.0178451
0.017847
0.0178465
0.0178488
0.0178475
0.0178516
0.0178514
0.0178532
0.017855
0.0178564
0.0178585
0.0178605
0.0178624
0.0178604
0.0178607
0.0178615
