0.0181448
0.0179171
0.0177135
0.017932
0.0179264
0.0178556
0.0179051
0.0180182
0.0179872
0.0180061
0.0179972
0.0180016
0.0179967
0.0179929
0.0179951
0.017993
0.0179897
0.0179872
0.0179858
0.0179802
0.017979
0.0179756
0.0179729
0.0179726
0.0179674
0.0179646
0.0179615
0.0179585
0.0179543
0.0179511
0.0179503
0.0179465
0.0179375
0.0179377
0.0179298
0.0179257
0.0179185
0.0179177
0.0179102
0.0179063
0.0181448
0.0178202
0.016891
0.0177457
0.0175122
0.0175958
0.0175922
0.0177704
0.017709
0.0177477
0.0177293
0.0177357
0.0177239
0.0177171
0.0177121
0.0177003
0.017698
0.0176834
0.0176771
0.0176725
0.0176658
0.0176557
0.0176541
0.0176476
0.0176404
0.0176393
0.0176234
0.0176189
0.0176105
0.0176032
0.017594
0.017595
0.0175717
0.0175747
0.0175531
0.0175524
0.0175543
0.0175344
0.0175359
0.01753
