0.0180992
0.0178806
0.0179232
0.0180428
0.0179987
0.0180209
0.0180105
0.0180107
0.0180084
0.0180069
0.0180069
0.0180079
0.0180102
0.0180089
0.0180072
0.0180086
0.0180087
0.0180089
0.0180112
0.0180107
0.0180106
0.0180101
0.0180112
0.0180109
0.0180115
0.0180129
0.018012
0.018013
0.018013
0.0180133
0.0180152
0.0180155
0.0180152
0.0180177
0.0180188
0.0180177
0.0180176
0.0180211
0.0180198
0.0180215
0.0180992
0.0178984
0.0179598
0.0180597
0.0180226
0.0180443
0.0180351
0.01804
0.018037
0.0180408
0.0180398
0.0180412
0.0180402
0.018041
0.0180418
0.0180419
0.0180435
0.0180445
0.0180451
0.018047
0.0180466
0.0180475
0.0180487
0.0180482
0.0180493
0.0180499
0.0180489
0.0180497
0.018051
0.018052
0.0180507
0.018053
0.0180527
0.0180537
0.0180529
0.0180538
0.0180555
0.0180541
0.0180538
0.0180551
