0.0180992
0.0177862
0.0177832
0.0177738
0.0178155
0.017943
0.0179019
0.0179272
0.0179189
0.0179205
0.0179211
0.017916
0.0179147
0.0179151
0.017915
0.0179091
0.0179071
0.0179078
0.0179039
0.0179008
0.0178994
0.0178966
0.0178951
0.0178931
0.0178909
0.0178836
0.0178837
0.0178854
0.0178811
0.0178768
0.0178712
0.0178685
0.0178676
0.0178655
0.0178583
0.0178569
0.017853
0.0178491
0.0178452
0.0178432
0.0180992
0.0177238
0.0174831
0.0175875
0.0176598
0.017771
0.017734
0.0177508
0.0177398
0.0177434
0.017736
0.0177383
0.0177367
0.0177327
0.0177279
0.0177215
0.0177162
0.0177068
0.0177102
0.0177106
0.017703
0.0176984
0.0176969
0.0176996
0.0176918
0.0176872
0.0176855
0.01768
0.0176791
0.017673
0.0176726
0.0176711
0.0176625
0.0176617
0.0176582
0.0176526
0.0176499
0.0176483
0.0176472
0.0176478
