0.018059
0.0168325
0.0169302
0.015209
0.0165116
0.0158238
0.0163075
0.0163072
0.0163964
0.0163584
0.0163756
0.0163528
0.0163349
0.0163205
0.0162928
0.0162679
0.0162496
0.0162054
0.0161839
0.0161471
0.0161222
0.0160878
0.0160739
0.0160411
0.0160113
0.0159606
0.0159399
0.0159169
0.0158806
0.0158471
0.0158088
0.0157784
0.015747
0.0157022
0.0156812
0.0156153
0.0155967
0.0155441
0.0155318
0.0154634
0.018059
0.0163757
0.0164956
0.0131545
0.0157164
0.0141603
0.0149328
0.0147173
0.014881
0.0147298
0.0147452
0.0146924
0.0146767
0.0146416
0.0146197
0.0146112
0.0145793
0.0145629
0.0145283
0.0145175
0.0144934
0.0144882
0.0144783
0.0144657
0.0144697
0.0144323
0.0144321
0.0144283
0.0144133
0.0143963
0.0143832
0.0143709
0.0143788
0.0143548
0.0143516
0.0143483
0.0143153
0.0143295
0.0142948
0.0143074
