0.018059
0.0177636
0.0177546
0.0179629
0.0179378
0.0179528
0.0179454
0.0179496
0.0179479
0.0179468
0.0179477
0.0179464
0.0179452
0.0179441
0.0179408
0.0179401
0.0179387
0.017936
0.0179351
0.0179322
0.0179302
0.0179279
0.0179275
0.0179263
0.017922
0.0179186
0.0179161
0.0179179
0.0179172
0.0179139
0.0179103
0.017908
0.0179025
0.0179025
0.0178977
0.0178958
0.0178919
0.0178921
0.0178891
0.0178844
0.018059
0.0177213
0.0175629
0.0178551
0.0178304
0.0178468
0.0178387
0.0178373
0.0178311
0.0178266
0.0178263
0.0178258
0.0178262
0.0178217
0.0178226
0.0178203
0.017818
0.0178131
0.0178135
0.0178151
0.0178128
0.0178102
0.0178062
0.0178074
0.0178054
0.017806
0.0178025
0.0178027
0.0178036
0.017802
0.0178006
0.0177992
0.0177995
0.0177946
0.0177924
0.0177944
0.0177902
0.0177936
0.0177887
0.0177915
