0.0180321
0.0177163
0.0173105
0.017677
0.0175987
0.0177254
0.0178131
0.0178541
0.0178618
0.0178803
0.017887
0.0178929
0.0178993
0.0179011
0.0179068
0.0179107
0.0179132
0.017916
0.0179223
0.0179249
0.0179275
0.0179312
0.0179349
0.0179366
0.0179401
0.0179445
0.0179458
0.017948
0.0179532
0.0179533
0.0179562
0.0179586
0.0179621
0.0179652
0.0179677
0.0179696
0.0179709
0.0179741
0.0179763
0.0179775
0.0180321
0.0177926
0.0175872
0.0178225
0.0178387
0.0178978
0.0179815
0.0179932
0.0179951
0.0179986
0.0179995
0.0180005
0.0180002
0.0180024
0.0180029
0.0180028
0.0180028
0.0180032
0.0180046
0.0180032
0.0180049
0.0180042
0.0180038
0.0180042
0.0180049
0.0180057
0.0180051
0.0180054
0.0180056
0.0180058
0.0180071
0.0180057
0.0180083
0.0180061
0.0180048
0.0180064
0.018007
0.0180067
0.0180076
0.0180078
