0.0179787
0.0178921
0.0179666
0.0179699
0.0179685
0.0179699
0.0179697
0.0179703
0.01797
0.0179702
0.0179698
0.0179702
0.0179701
0.0179699
0.01797
0.0179697
0.0179701
0.0179692
0.0179697
0.0179697
0.0179687
0.0179692
0.0179692
0.0179687
0.0179691
0.0179686
0.017969
0.017969
0.0179687
0.0179688
0.0179681
0.0179679
0.0179677
0.0179675
0.0179677
0.0179678
0.0179671
0.0179671
0.0179674
0.0179667
0.0179787
0.0178691
0.0179404
0.0179638
0.0179542
0.0179618
0.0179586
0.0179603
0.0179595
0.0179606
0.017959
0.01796
0.0179594
0.0179587
0.0179585
0.0179574
0.0179577
0.0179566
0.0179569
0.017957
0.017957
0.0179563
0.0179559
0.0179565
0.0179555
0.0179556
0.0179545
0.0179552
0.0179532
0.0179534
0.0179538
0.0179533
0.0179522
0.0179537
0.0179522
0.0179516
0.0179516
0.0179507
0.0179506
0.0179515
