0.0180031
0.0148793
0.0169277
0.0157264
0.0166367
0.0165494
0.0166228
0.0165423
0.0165097
0.0164856
0.0164785
0.0164776
0.0165005
0.0164962
0.016498
0.016498
0.016498
0.0165124
0.0165212
0.0165185
0.016531
0.0165454
0.0165321
0.0165403
0.0165608
0.0165574
0.0165716
0.016564
0.0165876
0.0165883
0.0166107
0.0166127
0.016631
0.0166386
0.0166442
0.0166489
0.0166699
0.0166596
0.0166947
0.0166996
0.0180031
0.0155387
0.0171891
0.0162521
0.0169848
0.0169307
0.0170494
0.017012
0.0170216
0.0170132
0.0170396
0.0170411
0.0170551
0.0170799
0.0170757
0.0170842
0.0171072
0.017115
0.0171299
0.0171502
0.0171419
0.0171639
0.0171676
0.0171775
0.0171826
0.0171925
0.0172028
0.0172061
0.017216
0.0172175
0.0172381
0.0172512
0.0172597
0.0172672
0.0172722
0.0172838
0.0172901
0.0172955
0.0172948
0.0172957
