0.0181899
0.0180297
0.0181193
0.0181296
0.0179629
0.0180355
0.0181268
0.0180943
0.0181145
0.0181048
0.0181082
0.018107
0.0181083
0.0181059
0.0181098
0.0181106
0.0181121
0.0181093
0.018108
0.0181099
0.0181113
0.0181114
0.0181138
0.0181137
0.0181128
0.0181156
0.0181153
0.0181162
0.0181172
0.0181184
0.0181182
0.0181183
0.0181197
0.0181207
0.0181198
0.0181205
0.0181209
0.0181222
0.0181215
0.0181222
0.0181899
0.0178588
0.0180801
0.0180561
0.0179758
0.0180677
0.018125
0.0181069
0.0181225
0.0181201
0.0181236
0.0181218
0.0181237
0.0181237
0.0181215
0.0181237
0.0181209
0.0181198
0.01812
0.0181186
0.0181215
0.0181188
0.0181182
0.0181174
0.0181176
0.0181168
0.0181156
0.0181153
0.018115
0.0181137
0.0181128
0.0181111
0.0181103
0.0181083
0.0181074
0.0181068
0.0181061
0.0181064
0.0181055
0.0181041
