0.018059
0.018059
0.018059
0.018059
0.018059
0.018059
0.018059
0.018059
0.018059
0.018059
0.018059
0.018059
0.018059
0.018059
0.018059
0.018059
0.018059
0.018059
0.018059
0.018059
0.018059
0.018059
0.018059
0.018059
0.018059
0.018059
0.018059
0.018059
0.018059
0.018059
0.018059
0.018059
0.018059
0.018059
0.018059
0.018059
0.018059
0.018059
0.018059
0.018059
0.018059
0.018059
0.018059
0.018059
0.018059
0.018059
0.018059
0.018059
0.018059
0.018059
0.018059
0.018059
0.018059
0.018059
0.018059
0.018059
0.018059
0.018059
0.018059
0.018059
0.018059
0.018059
0.018059
0.018059
0.018059
0.018059
0.018059
0.018059
0.018059
0.018059
0.018059
0.018059
0.018059
0.018059
0.018059
0.018059
0.018059
0.018059
0.018059
0.018059
