0.0180092
0.0174605
0.0161593
0.017265
0.0168367
0.0171916
0.017251
0.0173615
0.0173575
0.0174009
0.0174022
0.017412
0.0174338
0.0174404
0.0174589
0.0174716
0.0174873
0.0174902
0.0175021
0.0175171
0.0175291
0.0175404
0.0175561
0.0175638
0.017576
0.0175912
0.0175983
0.0176091
0.0176172
0.017631
0.0176373
0.0176512
0.0176591
0.0176725
0.0176859
0.0176933
0.0177012
0.0177194
0.0177218
0.0177346
0.0180092
0.0175971
0.0171183
0.0175997
0.0175267
0.0176924
0.0177927
0.0178486
0.0178572
0.0178735
0.0178788
0.017886
0.0178926
0.0178965
0.0179
0.0179049
0.01791
0.0179118
0.0179131
0.0179149
0.0179179
0.0179184
0.0179219
0.0179232
0.0179254
0.0179255
0.0179304
0.0179302
0.0179313
0.0179341
0.0179345
0.017935
0.0179368
0.0179399
0.017941
0.0179422
0.0179448
0.0179451
0.0179466
0.0179449
