0.0179787
0.0163586
0.0164589
0.0137861
0.0158134
0.0147131
0.0155047
0.0154405
0.0155628
0.015516
0.0155342
0.0155328
0.0155568
0.0155827
0.0156229
0.0156543
0.0156765
0.0157043
0.0157251
0.0157603
0.0158032
0.0158273
0.0158539
0.0159049
0.0159277
0.0159669
0.0160033
0.0160245
0.0160527
0.0160795
0.0161296
0.0161462
0.0161997
0.0162224
0.0162678
0.0162919
0.0163379
0.0163669
0.016402
0.0164285
0.0179787
0.0169313
0.0170639
0.015651
0.0168369
0.0163611
0.0168501
0.0169001
0.0170334
0.0170359
0.0170936
0.0171063
0.0171332
0.0171604
0.0171755
0.017193
0.0172179
0.0172344
0.0172471
0.0172662
0.0172769
0.0172921
0.0172985
0.0173129
0.0173275
0.017341
0.0173487
0.0173578
0.0173664
0.0173751
0.0173834
0.01739
0.0174045
0.0174108
0.0174333
0.0174395
0.0174484
0.0174514
0.0174645
0.0174712
