0.0180321
0.0175197
0.0176127
0.0171779
0.017562
0.0175016
0.0176351
0.0177295
0.0177802
0.0177913
0.0178101
0.0178201
0.0178281
0.0178379
0.0178421
0.0178484
0.0178529
0.0178572
0.0178625
0.0178701
0.0178761
0.0178797
0.0178859
0.0178907
0.0178948
0.0179011
0.0179051
0.0179071
0.0179115
0.0179174
0.0179202
0.0179252
0.0179282
0.0179329
0.0179377
0.0179404
0.017945
0.0179463
0.0179503
0.0179537
0.0180321
0.0176518
0.0177675
0.0175586
0.0177992
0.0178211
0.0178831
0.01797
0.0179818
0.0179844
0.0179881
0.0179902
0.0179913
0.0179911
0.0179932
0.0179945
0.0179939
0.0179943
0.0179948
0.0179965
0.0179957
0.0179971
0.0179959
0.0179954
0.0179962
0.0179971
0.0179983
0.017998
0.0179979
0.017999
0.0179986
0.0179998
0.0179987
0.0180014
0.0179994
0.0179983
0.0179995
0.0180004
0.0179996
0.0180014
