0.0181448
0.017747
0.0179519
0.0179583
0.0178776
0.0179301
0.01804
0.018008
0.0180257
0.018015
0.0180205
0.0180176
0.0180136
0.0180163
0.0180142
0.0180117
0.0180101
0.0180088
0.018006
0.0180054
0.0180017
0.018
0.0180002
0.0179959
0.0179947
0.0179927
0.0179885
0.0179876
0.0179858
0.0179848
0.0179827
0.0179759
0.0179759
0.0179721
0.0179689
0.017963
0.0179651
0.0179579
0.0179563
0.0179483
0.0181448
0.017069
0.0178352
0.0176649
0.0176955
0.0177122
0.0178801
0.0178235
0.0178543
0.0178418
0.0178458
0.0178373
0.0178331
0.0178323
0.0178241
0.0178237
0.0178138
0.0178072
0.0178047
0.0178014
0.017798
0.0177946
0.0177895
0.0177864
0.0177843
0.0177754
0.0177725
0.0177693
0.0177642
0.0177561
0.0177596
0.0177459
0.0177468
0.0177306
0.0177302
0.0177331
0.0177153
0.0177232
0.0177152
0.0177143
