0.0180321
0.0178657
0.0178806
0.0179901
0.0179952
0.0179987
0.0180033
0.0180047
0.0180078
0.0180076
0.0180077
0.0180093
0.0180098
0.0180097
0.0180118
0.0180118
0.0180123
0.0180129
0.0180136
0.0180136
0.0180139
0.0180139
0.0180148
0.0180144
0.0180157
0.0180164
0.0180164
0.0180164
0.0180167
0.0180173
0.0180182
0.0180176
0.0180181
0.0180182
0.0180183
0.0180189
0.0180191
0.0180194
0.0180195
0.0180197
0.0180321
0.0178998
0.0179319
0.0180174
0.0180198
0.0180202
0.0180221
0.0180224
0.0180225
0.0180223
0.0180236
0.018023
0.0180231
0.0180229
0.0180232
0.0180245
0.0180239
0.0180236
0.018023
0.0180231
0.0180229
0.0180236
0.0180233
0.0180239
0.0180233
0.0180238
0.0180233
0.0180243
0.0180234
0.0180243
0.0180239
0.0180227
0.0180234
0.0180241
0.0180241
0.018024
0.0180244
0.0180232
0.0180248
0.0180238
