0.018059
0.0179245
0.0180266
0.0180465
0.0180382
0.0180442
0.0180418
0.0180434
0.0180423
0.0180434
0.0180436
0.0180427
0.0180431
0.0180428
0.0180421
0.0180415
0.0180418
0.0180416
0.0180412
0.0180402
0.0180394
0.0180392
0.01804
0.0180387
0.0180382
0.0180369
0.0180373
0.0180375
0.0180366
0.0180363
0.0180351
0.0180345
0.018035
0.0180331
0.0180322
0.0180324
0.0180318
0.0180313
0.0180307
0.0180294
0.018059
0.0178914
0.017963
0.0180303
0.018003
0.0180193
0.0180109
0.0180139
0.0180119
0.0180133
0.0180095
0.0180108
0.0180108
0.0180094
0.0180094
0.0180082
0.0180078
0.018006
0.0180077
0.0180067
0.0180064
0.0180049
0.0180043
0.0180051
0.018003
0.0180028
0.0180028
0.018003
0.0180017
0.0180018
0.0180009
0.0180021
0.0179983
0.0179999
0.0179984
0.0179969
0.0179972
0.0179966
0.0179958
0.0179986
