0.0180992
0.0178896
0.0178218
0.0178987
0.0180011
0.0179699
0.0179873
0.0179814
0.0179796
0.0179787
0.0179778
0.0179765
0.0179762
0.017979
0.0179752
0.0179736
0.0179759
0.0179745
0.017974
0.0179747
0.0179728
0.0179727
0.0179726
0.0179718
0.0179708
0.0179679
0.0179711
0.0179698
0.0179693
0.0179666
0.0179657
0.0179672
0.0179671
0.0179643
0.0179654
0.017966
0.0179623
0.0179614
0.0179646
0.0179608
0.0180992
0.017837
0.0177138
0.0179001
0.0179443
0.0179416
0.0179451
0.0179437
0.0179433
0.0179431
0.0179421
0.0179429
0.0179437
0.0179392
0.0179389
0.0179383
0.0179356
0.0179356
0.0179377
0.017935
0.0179382
0.0179342
0.0179357
0.0179361
0.0179332
0.0179338
0.0179316
0.0179309
0.0179319
0.0179297
0.0179299
0.0179299
0.0179279
0.017929
0.0179255
0.0179228
0.0179248
0.0179258
0.0179238
0.0179239
