0.0180321
0.0179211
0.0180069
0.0180223
0.0180159
0.0180217
0.0180206
0.0180225
0.0180223
0.018022
0.0180226
0.0180229
0.0180226
0.0180237
0.0180236
0.0180239
0.0180239
0.0180247
0.0180245
0.0180244
0.0180245
0.0180249
0.0180245
0.0180251
0.0180255
0.0180253
0.0180253
0.0180253
0.0180258
0.0180259
0.0180258
0.0180259
0.0180258
0.0180257
0.0180263
0.018026
0.0180261
0.018026
0.018026
0.0180267
0.0180321
0.0179429
0.0180235
0.018027
0.018026
0.0180275
0.0180274
0.0180277
0.0180272
0.0180283
0.0180281
0.0180273
0.0180276
0.0180273
0.0180286
0.0180284
0.018028
0.0180274
0.0180276
0.0180277
0.018028
0.018028
0.0180278
0.0180279
0.018028
0.0180276
0.0180282
0.0180276
0.0180282
0.0180281
0.0180277
0.0180272
0.0180281
0.0180285
0.0180276
0.0180286
0.0180275
0.0180289
0.0180284
0.0180277
