0.0180321
0.0177956
0.017797
0.0178491
0.0179408
0.0179634
0.0179646
0.0179736
0.0179779
0.0179821
0.0179829
0.0179832
0.0179854
0.0179869
0.0179879
0.0179906
0.0179915
0.0179922
0.0179929
0.0179944
0.0179951
0.0179958
0.0179972
0.0179979
0.0179985
0.0180008
0.0180016
0.0180014
0.0180022
0.0180031
0.018004
0.0180058
0.0180061
0.0180061
0.0180073
0.0180075
0.0180093
0.0180094
0.0180096
0.0180103
0.0180321
0.0178509
0.0178828
0.0179238
0.0180065
0.0180126
0.0180132
0.0180161
0.0180169
0.0180166
0.0180165
0.0180181
0.0180179
0.0180174
0.0180176
0.0180181
0.0180193
0.0180182
0.0180192
0.0180183
0.0180176
0.0180178
0.0180182
0.0180187
0.0180188
0.0180187
0.018019
0.0180186
0.0180199
0.0180181
0.0180199
0.0180196
0.0180178
0.018019
0.0180196
0.0180195
0.0180192
0.0180195
0.0180188
0.0180197
