0.0180092
0.0177617
0.01773
0.017897
0.0179089
0.0179161
0.0179226
0.0179229
0.0179265
0.0179298
0.0179305
0.0179306
0.0179325
0.0179349
0.0179373
0.0179363
0.0179382
0.0179404
0.0179428
0.0179432
0.0179445
0.0179462
0.0179487
0.0179492
0.0179506
0.0179541
0.0179545
0.0179563
0.0179558
0.0179565
0.0179588
0.0179604
0.0179617
0.0179626
0.0179653
0.0179652
0.0179672
0.0179683
0.017968
0.0179704
0.0180092
0.0178121
0.01784
0.0179693
0.0179756
0.0179804
0.0179835
0.0179859
0.0179872
0.0179886
0.0179897
0.0179896
0.0179909
0.0179912
0.0179923
0.0179919
0.0179917
0.0179928
0.0179921
0.0179932
0.0179936
0.017993
0.0179933
0.0179941
0.0179942
0.0179939
0.0179945
0.017995
0.0179945
0.0179947
0.0179957
0.0179957
0.0179957
0.0179959
0.0179954
0.0179962
0.0179956
0.0179961
0.0179959
0.0179958
