0.0180321
0.0174129
0.0177357
0.0176847
0.0177809
0.017873
0.0179055
0.0179094
0.0179253
0.0179306
0.0179358
0.017939
0.0179406
0.0179444
0.0179473
0.0179488
0.0179519
0.0179555
0.0179567
0.0179582
0.0179611
0.0179636
0.0179651
0.0179671
0.0179698
0.0179707
0.0179725
0.0179759
0.0179757
0.0179783
0.0179793
0.017981
0.0179839
0.0179853
0.0179867
0.0179873
0.0179893
0.0179914
0.0179918
0.0179929
0.0180321
0.0176117
0.0178358
0.0178565
0.0179088
0.0179923
0.0180015
0.0180031
0.0180057
0.0180066
0.0180077
0.0180072
0.0180096
0.0180095
0.0180087
0.0180088
0.0180097
0.0180107
0.0180093
0.018011
0.0180102
0.0180098
0.0180099
0.0180103
0.018011
0.0180111
0.0180112
0.0180115
0.018011
0.0180123
0.0180111
0.0180133
0.0180115
0.0180097
0.0180118
0.0180125
0.0180117
0.0180125
0.0180128
0.0180114
