0.26142 0.76651 0.90729 0.97801 
0.79751 0.85819 0.90440 0.94272 
0.90893 0.94997 0.98335 1.01085 
0.91245 0.94503 0.97499 1.00170 
0.91550 0.94824 0.97599 1.00161 
0.91309 0.94371 0.97066 0.99441 
0.90875 0.94093 0.96973 0.99535 
0.90490 0.93944 0.96898 0.99736 
0.90604 0.94095 0.97004 0.99563 
0.90821 0.94231 0.97104 0.99594 
0.90975 0.94234 0.97053 0.99719 
0.90723 0.94312 0.97003 0.99819 
0.90970 0.94305 0.97029 0.99692 
0.90742 0.94171 0.97045 0.99613 
0.90776 0.94289 0.97169 0.99838 
0.90807 0.94188 0.97136 0.99744 
0.91151 0.94301 0.97020 0.99506 
0.90916 0.94319 0.97040 0.99545 
0.90766 0.94308 0.97056 0.99834 
0.90687 0.94219 0.97290 0.99726 
0.90616 0.94183 0.96951 0.99650 
0.90873 0.94124 0.97105 0.99671 
0.90867 0.94352 0.97118 0.99743 
0.90875 0.94238 0.96964 0.99733 
0.90760 0.94142 0.97188 0.99643 
0.90933 0.94194 0.97359 0.99679 
0.90787 0.94363 0.97084 0.99805 
0.90770 0.94302 0.97205 0.99782 
0.90880 0.94205 0.96894 0.99748 
0.90890 0.94277 0.96955 0.99776 
0.90708 0.94386 0.97172 0.99732 
0.90923 0.94355 0.97109 0.99784 
0.90846 0.94261 0.97061 0.99516 
0.91007 0.94346 0.97049 0.99568 
0.90802 0.94295 0.97265 0.99652 
0.90950 0.94302 0.97175 0.99716 
0.90948 0.94305 0.97028 0.99569 
0.90652 0.94144 0.97354 0.99759 
0.90851 0.93902 0.97292 0.99804 
0.90864 0.94272 0.97255 0.99870 
0.26035 0.71481 0.87857 0.95815 
0.79308 0.85870 0.90719 0.94797 
0.90984 0.95058 0.98642 1.01461 
0.90825 0.93917 0.96724 0.99285 
0.90559 0.93740 0.96507 0.99194 
0.89764 0.93307 0.96051 0.98752 
0.89128 0.92863 0.95793 0.98688 
0.89150 0.92835 0.96071 0.98620 
0.89352 0.92942 0.96219 0.98860 
0.89441 0.93071 0.96220 0.98721 
0.89694 0.93163 0.96128 0.98809 
0.89419 0.93164 0.96073 0.98764 
0.89644 0.93237 0.96134 0.98965 
0.89489 0.93081 0.96253 0.98869 
0.89679 0.93088 0.96126 0.98854 
0.89639 0.93004 0.96369 0.98644 
0.89599 0.93022 0.96031 0.98840 
0.89543 0.93264 0.96196 0.99006 
0.89616 0.92957 0.96021 0.98875 
0.89776 0.93317 0.96044 0.98877 
0.89649 0.93146 0.96051 0.98648 
0.89660 0.93150 0.96233 0.98747 
0.89547 0.93027 0.96259 0.98943 
0.89491 0.93081 0.96172 0.98935 
0.89518 0.93161 0.96239 0.98777 
0.89621 0.93132 0.96218 0.98620 
0.89614 0.93200 0.96098 0.98894 
0.89610 0.93261 0.96317 0.98827 
0.89644 0.93121 0.96199 0.98980 
0.89640 0.93276 0.96185 0.98873 
0.89591 0.93280 0.96135 0.98915 
0.89717 0.93105 0.96198 0.98772 
0.89709 0.93294 0.96155 0.98842 
0.89737 0.93358 0.96132 0.98877 
0.89626 0.93173 0.96214 0.98784 
0.89695 0.93358 0.96253 0.98807 
0.89750 0.93283 0.96183 0.98696 
0.89828 0.93208 0.96361 0.99171 
0.89678 0.93302 0.96384 0.99106 
0.89797 0.93224 0.96372 0.98772 
