0.26380 0.81576 0.98904 1.06188 
0.88309 0.93135 0.96444 0.98866 
0.96270 0.98721 1.01034 1.02780 
0.93127 0.95009 0.96943 0.98565 
0.92635 0.97229 1.00018 1.01771 
0.91152 0.94525 0.97021 0.99206 
0.90725 0.95916 0.99599 1.01723 
0.90271 0.94574 0.97503 1.00008 
0.90548 0.95885 0.99205 1.01323 
0.90725 0.94994 0.98250 1.00360 
0.91029 0.96081 0.99240 1.01306 
0.90877 0.95268 0.98293 1.00634 
0.91047 0.95980 0.99220 1.01105 
0.90851 0.95394 0.98543 1.00674 
0.90983 0.95687 0.99131 1.01233 
0.90864 0.95530 0.98537 1.00934 
0.90923 0.95901 0.98945 1.01214 
0.90951 0.95616 0.98667 1.00866 
0.91205 0.95774 0.98975 1.01020 
0.91052 0.95569 0.98605 1.00832 
0.91027 0.95786 0.98873 1.01020 
0.91058 0.95645 0.98656 1.00922 
0.90865 0.95585 0.98690 1.01067 
0.91013 0.95393 0.98909 1.01002 
0.91022 0.95604 0.98950 1.00821 
0.90933 0.95620 0.98952 1.00864 
0.91067 0.95690 0.98896 1.01005 
0.90946 0.95791 0.98638 1.01022 
0.90910 0.95698 0.98870 1.01021 
0.91048 0.95666 0.98760 1.00863 
0.90926 0.95750 0.98783 1.00883 
0.91045 0.95665 0.98849 1.00691 
0.91043 0.95578 0.98773 1.00919 
0.91067 0.95732 0.98866 1.00772 
0.90973 0.95679 0.98856 1.00906 
0.90949 0.95816 0.98822 1.00783 
0.90946 0.95634 0.98883 1.00815 
0.91126 0.95532 0.98800 1.00785 
0.90876 0.95601 0.98794 1.00683 
0.90968 0.95830 0.98771 1.00944 
0.26547 0.78753 0.98587 1.05956 
0.87198 0.92084 0.95574 0.98306 
0.96423 0.98845 1.00810 1.02884 
0.93301 0.95381 0.96980 0.98525 
0.92341 0.96415 0.99655 1.01447 
0.90924 0.94326 0.97169 0.99174 
0.89182 0.95125 0.98692 1.00938 
0.89430 0.93756 0.97109 0.99496 
0.89378 0.94935 0.98321 1.00748 
0.89507 0.94243 0.97534 0.99858 
0.89853 0.95084 0.98606 1.00783 
0.89726 0.94425 0.97804 1.00181 
0.89998 0.95188 0.98532 1.00642 
0.89805 0.94648 0.97838 1.00546 
0.90047 0.94962 0.98356 1.00594 
0.89629 0.94804 0.97983 1.00139 
0.89793 0.94930 0.98369 1.00578 
0.89825 0.94718 0.98003 1.00459 
0.89908 0.94932 0.98214 1.00602 
0.89695 0.94721 0.98229 1.00325 
0.89895 0.94757 0.98364 1.00319 
0.89719 0.94997 0.98160 1.00493 
0.89721 0.94924 0.98152 1.00494 
0.90028 0.94720 0.98240 1.00408 
0.89730 0.94914 0.98175 1.00499 
0.89848 0.95052 0.98255 1.00356 
0.89742 0.94884 0.98331 1.00639 
0.89848 0.94980 0.98120 1.00337 
0.89825 0.94859 0.98189 1.00580 
0.89952 0.94892 0.98265 1.00567 
0.89913 0.94785 0.98253 1.00312 
0.89951 0.94800 0.98315 1.00491 
0.89714 0.94790 0.98189 1.00502 
0.89907 0.94913 0.98313 1.00399 
0.89769 0.95075 0.98341 1.00298 
0.89678 0.95031 0.98098 1.00500 
0.89802 0.94796 0.98124 1.00596 
0.89822 0.95016 0.98289 1.00520 
0.89911 0.94683 0.98276 1.00523 
0.89846 0.94787 0.98453 1.00587 
