0.0178558
0.0177808
0.017845
0.0178499
0.0178489
0.0178497
0.0178499
0.0178507
0.0178507
0.0178501
0.0178509
0.0178508
0.0178508
0.0178505
0.0178501
0.017851
0.0178506
0.0178504
0.0178502
0.0178505
0.0178501
0.0178501
0.0178502
0.0178503
0.0178504
0.0178506
0.0178502
0.0178505
0.0178506
0.0178503
0.0178505
0.0178501
0.0178504
0.0178506
0.0178505
0.0178501
0.0178505
0.0178502
0.0178501
0.0178497
0.0178558
0.0176253
0.0177464
0.0177997
0.017786
0.0177898
0.0177913
0.017791
0.0177916
0.017793
0.0177946
0.0177941
0.0177955
0.0177959
0.017797
0.0177966
0.0177977
0.017797
0.0177984
0.0178003
0.0177992
0.0177995
0.0178008
0.017802
0.0178017
0.0178038
0.0178034
0.0178039
0.0178074
0.0178061
0.0178071
0.0178078
0.0178093
0.0178108
0.0178105
0.017811
0.0178134
0.0178147
0.0178158
0.0178171
