0.0178711
0.0161979
0.016175
0.0137657
0.0152853
0.0144818
0.0146531
0.0146882
0.014792
0.0147248
0.0147178
0.0146907
0.0146835
0.0146589
0.014651
0.0146231
0.0146164
0.0145844
0.0145854
0.0145671
0.0145666
0.0145682
0.0145423
0.0145635
0.0145578
0.0145682
0.0145783
0.0146005
0.0145765
0.0145931
0.0145825
0.0145803
0.0145833
0.0145843
0.0145666
0.0145358
0.0145603
0.0145171
0.0145203
0.0145049
0.0178711
0.0163097
0.0162067
0.0140345
0.0152852
0.0145596
0.0148343
0.0149657
0.0149549
0.0149242
0.0148946
0.0148613
0.0148505
0.0148369
0.0148014
0.0148054
0.0147742
0.01477
0.0147562
0.014747
0.0147058
0.0147177
0.014684
0.0146787
0.0146673
0.0146054
0.014603
0.0145747
0.0145745
0.0145541
0.0145334
0.0145089
0.0144898
0.014447
0.0144252
0.0143981
0.0143523
0.0143172
0.0142859
0.0142574
