0.0180347
0.0179006
0.0179938
0.018014
0.0180097
0.0180143
0.0180132
0.0180152
0.0180155
0.0180152
0.0180155
0.0180154
0.018015
0.0180149
0.0180147
0.0180148
0.0180149
0.018014
0.018014
0.0180143
0.018014
0.0180144
0.0180141
0.0180142
0.0180137
0.0180142
0.0180143
0.0180136
0.0180142
0.0180136
0.0180137
0.0180145
0.0180142
0.0180131
0.0180138
0.0180134
0.0180128
0.0180135
0.0180141
0.018013
0.0180347
0.017723
0.017828
0.01793
0.0179043
0.0179079
0.0179093
0.0179037
0.0179049
0.0179051
0.0179076
0.0179061
0.0179076
0.0179062
0.0179084
0.0179087
0.0179108
0.0179072
0.0179096
0.01791
0.0179105
0.0179079
0.0179119
0.0179139
0.017915
0.0179146
0.0179147
0.0179178
0.017918
0.0179171
0.0179192
0.0179201
0.0179232
0.0179251
0.0179237
0.0179267
0.0179276
0.0179301
0.0179322
0.0179312
