0.0179434
0.0153721
0.0166733
0.0159619
0.0162937
0.0164564
0.0165235
0.0164714
0.0164672
0.0164614
0.0164637
0.0164635
0.0164813
0.0164874
0.0165087
0.0164814
0.0164986
0.0165058
0.016531
0.0165282
0.0165286
0.0165262
0.0165209
0.0165239
0.0165172
0.0165139
0.0165075
0.0165042
0.0165102
0.0165044
0.0165138
0.0165169
0.0165179
0.0165273
0.0165443
0.0165325
0.01654
0.0165449
0.016536
0.0165429
0.0179434
0.0168953
0.017533
0.0175189
0.0174258
0.0175366
0.0176579
0.0176381
0.0176459
0.0176504
0.0176434
0.0176424
0.0176404
0.0176391
0.017638
0.0176325
0.0176287
0.0176294
0.0176266
0.0176242
0.01762
0.0176257
0.017624
0.0176123
0.0176074
0.0175954
0.0175995
0.017597
0.0175929
0.017587
0.0175883
0.0175808
0.0175756
0.0175664
0.0175598
0.0175547
0.0175406
0.0175375
0.0175299
0.0175193
