0.0178783
0.01783
0.0178733
0.0178743
0.0178745
0.017874
0.0178739
0.0178748
0.017874
0.0178744
0.0178743
0.0178746
0.0178737
0.0178743
0.0178738
0.0178741
0.0178747
0.0178741
0.0178734
0.0178745
0.0178741
0.0178743
0.0178743
0.0178743
0.0178741
0.0178749
0.0178743
0.0178749
0.017875
0.0178745
0.0178742
0.0178749
0.0178742
0.0178739
0.0178741
0.0178746
0.017874
0.0178748
0.0178747
0.0178742
0.0178783
0.0177387
0.0178369
0.0178558
0.0178501
0.0178523
0.0178523
0.0178536
0.0178553
0.0178563
0.0178564
0.0178567
0.0178577
0.0178575
0.0178576
0.0178579
0.0178587
0.0178577
0.0178592
0.0178594
0.0178604
0.0178591
0.0178604
0.0178601
0.0178605
0.0178621
0.0178616
0.0178619
0.0178629
0.0178623
0.0178633
0.0178636
0.0178639
0.0178642
0.0178648
0.0178645
0.0178665
0.0178658
0.0178667
0.0178681
