0.0178558
0.0177111
0.0177317
0.0177567
0.0178253
0.0178328
0.0178332
0.0178352
0.0178359
0.0178369
0.0178371
0.0178367
0.0178379
0.0178371
0.0178373
0.0178371
0.0178367
0.0178379
0.0178363
0.0178363
0.0178363
0.0178356
0.0178361
0.0178353
0.0178353
0.017836
0.017836
0.0178367
0.0178362
0.0178368
0.0178363
0.0178359
0.0178359
0.0178357
0.0178362
0.0178358
0.0178359
0.017836
0.017836
0.0178349
0.0178558
0.0173841
0.0172362
0.0172914
0.0174503
0.0174878
0.0174814
0.0174887
0.0174953
0.0175016
0.0175024
0.0175064
0.0175149
0.0175187
0.0175208
0.0175229
0.0175268
0.0175289
0.0175314
0.017537
0.0175403
0.0175419
0.017546
0.0175563
0.0175582
0.0175631
0.0175634
0.0175688
0.0175754
0.0175803
0.0175865
0.0175911
0.0175943
0.0176031
0.0176089
0.0176145
0.0176201
0.0176262
0.0176353
0.0176418
