0.0179892
0.0161883
0.0172418
0.01693
0.0170299
0.0171275
0.0172483
0.017231
0.0172422
0.0172425
0.0172522
0.0172474
0.0172609
0.0172652
0.0172773
0.0172735
0.0172767
0.0172832
0.0172978
0.0172917
0.0172993
0.0172914
0.0172974
0.0172997
0.017289
0.017297
0.0172863
0.0172891
0.0172817
0.0172859
0.0172894
0.0172854
0.0172887
0.0172971
0.0173047
0.0173055
0.0173062
0.0173143
0.0173103
0.017314
0.0179892
0.0173142
0.0177416
0.0177833
0.0176786
0.017769
0.0178604
0.0178385
0.0178437
0.0178437
0.017841
0.0178406
0.0178397
0.0178403
0.0178387
0.0178357
0.017835
0.017833
0.0178361
0.0178306
0.0178304
0.0178348
0.0178285
0.0178315
0.0178283
0.0178228
0.0178215
0.0178207
0.0178197
0.0178162
0.0178167
0.0178159
0.0178121
0.0178088
0.0178088
0.0178068
0.0178008
0.0177992
0.0177953
0.0177936
