0.0178783
0.0178157
0.0178252
0.01787
0.0178701
0.0178712
0.0178703
0.0178702
0.0178712
0.0178701
0.0178697
0.0178707
0.017871
0.0178699
0.0178706
0.01787
0.0178705
0.0178706
0.01787
0.0178696
0.0178705
0.0178698
0.0178707
0.0178706
0.0178699
0.0178707
0.0178711
0.0178696
0.0178715
0.017871
0.0178706
0.0178704
0.0178709
0.0178698
0.01787
0.0178707
0.017871
0.0178704
0.0178712
0.017871
0.0178783
0.0176901
0.017679
0.0178043
0.0178146
0.0178128
0.0178138
0.0178167
0.0178199
0.0178225
0.0178241
0.0178247
0.0178266
0.0178282
0.0178282
0.0178285
0.0178297
0.0178297
0.0178294
0.0178318
0.0178319
0.0178325
0.0178334
0.0178346
0.0178358
0.0178372
0.0178385
0.0178381
0.0178401
0.0178402
0.0178409
0.0178423
0.0178429
0.0178439
0.0178453
0.0178458
0.0178475
0.0178491
0.0178496
0.0178521
