0.0178783
0.0177981
0.0178102
0.0178209
0.0178653
0.0178666
0.0178671
0.017866
0.0178667
0.0178672
0.0178659
0.0178657
0.0178667
0.0178672
0.0178657
0.0178665
0.0178657
0.0178666
0.0178663
0.0178662
0.0178654
0.0178662
0.0178664
0.0178666
0.0178666
0.0178659
0.017866
0.0178667
0.0178659
0.0178681
0.0178668
0.0178672
0.0178665
0.0178668
0.017866
0.0178659
0.0178668
0.0178669
0.0178663
0.0178676
0.0178783
0.0176171
0.0176
0.0176263
0.0177371
0.0177541
0.0177508
0.0177569
0.0177625
0.0177692
0.0177717
0.0177725
0.0177771
0.0177793
0.0177807
0.0177818
0.0177827
0.017783
0.0177855
0.0177855
0.0177885
0.0177875
0.0177901
0.0177928
0.0177944
0.0177985
0.0177987
0.017801
0.0178027
0.017804
0.0178067
0.0178073
0.0178096
0.0178115
0.0178138
0.017816
0.0178186
0.0178208
0.0178238
0.0178254
