0.0178182
0.0174467
0.0166551
0.0173767
0.0173092
0.0173451
0.0174617
0.017532
0.0175311
0.017543
0.017547
0.0175462
0.0175466
0.0175503
0.0175453
0.0175416
0.0175401
0.0175418
0.0175366
0.0175367
0.0175311
0.0175296
0.0175286
0.0175307
0.0175292
0.0175314
0.0175343
0.0175305
0.0175361
0.0175379
0.0175328
0.0175355
0.0175355
0.0175317
0.0175291
0.0175296
0.0175254
0.0175326
0.0175228
0.0175201
0.0178182
0.0168898
0.0146806
0.0158562
0.0151448
0.0156234
0.0157934
0.0157042
0.015712
0.0156987
0.0156861
0.0157
0.0157162
0.0157306
0.0157405
0.0157354
0.015761
0.0157579
0.0157813
0.0157724
0.0157945
0.0157892
0.0158089
0.0158403
0.0158395
0.0158826
0.0158758
0.0159046
0.0159088
0.0159282
0.0159416
0.0159575
0.0159676
0.0160055
0.0160356
0.0160459
0.0160782
0.0161163
0.0161475
0.0161698
