0.0180347
0.0173464
0.017785
0.0177121
0.0177141
0.0178263
0.0178534
0.0178571
0.0178663
0.0178673
0.0178725
0.0178747
0.0178771
0.0178783
0.0178839
0.0178822
0.0178824
0.0178846
0.0178877
0.0178885
0.0178899
0.0178893
0.0178902
0.0178895
0.0178876
0.017889
0.0178887
0.0178876
0.0178866
0.0178891
0.0178867
0.0178866
0.0178882
0.017888
0.0178906
0.0178919
0.0178919
0.017895
0.0178938
0.0178932
0.0180347
0.0177595
0.0179247
0.0179497
0.0177058
0.0178116
0.0179146
0.0178898
0.0178937
0.0178947
0.0178895
0.0178907
0.0178906
0.0178931
0.0178921
0.0178939
0.0178917
0.0178928
0.0178946
0.0178962
0.0178929
0.0178957
0.0178951
0.0178961
0.0178925
0.0178959
0.0178979
0.0179015
0.0178997
0.0179
0.0179036
0.0179036
0.017901
0.0179037
0.0179043
0.0179075
0.0179083
0.0179071
0.0179107
0.0179111
