0.0180347
0.0175766
0.0176921
0.0171097
0.0175988
0.0175204
0.017538
0.0176528
0.0176916
0.0176988
0.0177136
0.0177144
0.0177201
0.0177254
0.0177316
0.0177363
0.0177406
0.0177418
0.0177442
0.0177474
0.0177514
0.0177511
0.0177509
0.0177526
0.0177521
0.017755
0.017752
0.0177533
0.0177493
0.0177482
0.0177467
0.0177511
0.0177476
0.0177513
0.0177535
0.017756
0.0177571
0.0177634
0.017764
0.0177671
0.0180347
0.0178215
0.0178907
0.0177457
0.017913
0.0179385
0.0176956
0.017801
0.0179052
0.0178795
0.0178839
0.0178852
0.01788
0.0178821
0.0178815
0.0178829
0.0178826
0.0178844
0.017882
0.0178828
0.017884
0.0178866
0.0178832
0.0178858
0.0178841
0.0178862
0.0178814
0.0178849
0.0178872
0.0178914
0.017889
0.0178898
0.017893
0.0178925
0.0178901
0.017892
0.0178925
0.0178947
0.0178962
0.0178946
