0.0178182
0.0176333
0.0175671
0.0176859
0.0177333
0.0177246
0.0177305
0.0177334
0.0177337
0.0177349
0.0177351
0.0177359
0.0177371
0.017737
0.0177366
0.017736
0.017738
0.0177371
0.0177356
0.0177377
0.0177387
0.0177367
0.0177378
0.0177378
0.0177359
0.0177361
0.0177387
0.0177378
0.017738
0.0177371
0.0177351
0.0177375
0.0177365
0.0177369
0.0177388
0.0177375
0.0177374
0.0177386
0.017738
0.0177382
0.0178182
0.0173637
0.0173794
0.0176307
0.0175959
0.0175962
0.0175991
0.0175928
0.0175938
0.0175957
0.0175966
0.0175957
0.0175985
0.0175973
0.0176006
0.0175973
0.0176021
0.0175998
0.017602
0.0176028
0.0176051
0.0176038
0.0176062
0.0176123
0.0176121
0.0176136
0.0176123
0.0176162
0.0176171
0.0176167
0.0176195
0.0176213
0.0176234
0.0176289
0.0176284
0.0176301
0.0176336
0.0176376
0.0176416
0.0176407
