0.0178558
0.0177515
0.0177671
0.0178378
0.0178419
0.0178426
0.0178432
0.0178438
0.0178447
0.0178447
0.0178445
0.0178454
0.0178447
0.0178448
0.0178447
0.0178443
0.0178455
0.0178445
0.0178442
0.0178444
0.0178441
0.0178441
0.0178438
0.0178439
0.0178442
0.017844
0.0178447
0.0178442
0.0178445
0.0178444
0.017844
0.0178439
0.0178437
0.0178444
0.0178444
0.0178441
0.017844
0.0178443
0.0178437
0.0178437
0.0178558
0.0175213
0.0174527
0.0176536
0.0176843
0.0176761
0.0176802
0.0176834
0.0176853
0.0176865
0.0176888
0.0176919
0.017694
0.0176952
0.0176972
0.0176976
0.0176992
0.0176998
0.0177018
0.0177045
0.0177068
0.0177055
0.017709
0.0177121
0.0177131
0.017716
0.017717
0.0177184
0.0177228
0.017725
0.0177265
0.0177286
0.0177309
0.0177347
0.0177384
0.0177391
0.017742
0.0177461
0.0177499
0.0177533
