0.0179892
0.0177025
0.0175718
0.0177035
0.0177764
0.017769
0.017771
0.0177657
0.0177686
0.0177659
0.0177685
0.0177695
0.0177695
0.0177699
0.0177694
0.0177716
0.0177706
0.0177701
0.0177727
0.0177701
0.0177724
0.0177718
0.0177692
0.017772
0.017772
0.0177683
0.0177681
0.0177697
0.0177713
0.0177671
0.0177714
0.0177687
0.0177696
0.0177726
0.017773
0.017773
0.0177716
0.017774
0.0177709
0.0177752
0.0179892
0.017832
0.0177129
0.017801
0.0178874
0.0178649
0.0178686
0.0178682
0.0178644
0.0178637
0.017864
0.0178642
0.017863
0.0178613
0.0178611
0.0178594
0.0178621
0.0178585
0.0178572
0.0178611
0.017856
0.0178596
0.0178573
0.0178536
0.0178527
0.0178516
0.0178519
0.0178506
0.0178502
0.0178495
0.017848
0.0178446
0.0178462
0.0178462
0.017842
0.0178419
0.0178402
0.0178396
0.0178368
0.017837
