0.0179434
0.0170852
0.0145982
0.0161669
0.0153756
0.015704
0.0158523
0.0159127
0.0158584
0.0158556
0.0158513
0.0158561
0.0158656
0.015891
0.0158881
0.0159233
0.0158924
0.0159154
0.0159296
0.0159523
0.0159519
0.0159423
0.0159445
0.0159405
0.0159424
0.0159329
0.0159317
0.0159199
0.0159152
0.0159188
0.0159194
0.0159251
0.015935
0.0159398
0.0159467
0.015977
0.015958
0.0159676
0.0159777
0.0159828
0.0179434
0.0175091
0.0167847
0.017463
0.01743
0.0173558
0.0174636
0.0175902
0.0175735
0.0175842
0.017587
0.0175816
0.0175777
0.0175764
0.0175728
0.0175725
0.0175662
0.0175602
0.0175611
0.0175555
0.0175548
0.0175494
0.0175505
0.0175478
0.0175336
0.0175275
0.0175131
0.0175154
0.0175112
0.0175073
0.0175006
0.0174981
0.0174875
0.0174783
0.0174671
0.0174586
0.0174475
0.0174304
0.0174226
0.0174133
