0.0179032
0.017498
0.0172223
0.0174867
0.0175438
0.0175226
0.0175165
0.0175112
0.0175075
0.0175044
0.0175023
0.0175068
0.017503
0.0175074
0.017506
0.0175105
0.0175078
0.0175101
0.0175053
0.0175096
0.0175101
0.017509
0.0175089
0.0175128
0.0175105
0.0175062
0.0175115
0.0175139
0.0175096
0.0175097
0.0175081
0.0175058
0.0175084
0.0175065
0.0175093
0.0175106
0.0175143
0.0175115
0.0175173
0.0175174
0.0179032
0.0176131
0.0176091
0.0177935
0.0177886
0.0177937
0.0177942
0.0177945
0.0177965
0.0177994
0.0177976
0.0177997
0.017795
0.0177941
0.0177933
0.0177929
0.0177933
0.017791
0.0177899
0.0177865
0.0177884
0.0177865
0.0177851
0.0177812
0.0177804
0.0177778
0.017778
0.0177767
0.0177743
0.017774
0.017769
0.0177666
0.0177657
0.0177612
0.0177585
0.0177554
0.0177497
0.0177495
0.0177432
0.0177416
