0.0178409
0.0177633
0.0178144
0.0178299
0.0178262
0.0178288
0.0178286
0.0178292
0.0178294
0.0178298
0.0178299
0.0178301
0.0178311
0.0178309
0.0178311
0.0178308
0.0178312
0.0178312
0.0178321
0.0178317
0.0178319
0.0178315
0.017832
0.0178312
0.0178313
0.0178322
0.0178318
0.0178315
0.0178315
0.0178309
0.0178316
0.017831
0.0178312
0.0178313
0.017832
0.017832
0.0178316
0.0178329
0.0178322
0.0178319
0.0178409
0.0177948
0.0178402
0.0178409
0.0178417
0.0178414
0.0178413
0.017842
0.0178413
0.0178416
0.0178415
0.0178408
0.0178416
0.017842
0.0178413
0.0178411
0.0178418
0.0178419
0.0178418
0.0178417
0.0178418
0.0178419
0.0178414
0.017842
0.0178411
0.0178415
0.0178416
0.0178415
0.0178413
0.0178415
0.0178421
0.0178414
0.0178419
0.0178408
0.0178414
0.017842
0.0178407
0.0178411
0.0178412
0.0178409
