0.0179892
0.0177439
0.0177883
0.0178859
0.0178669
0.0178702
0.0178624
0.0178642
0.017863
0.0178641
0.0178639
0.017862
0.0178607
0.0178608
0.0178609
0.0178608
0.0178584
0.0178585
0.0178561
0.0178587
0.0178592
0.0178564
0.0178593
0.0178593
0.0178561
0.0178562
0.0178597
0.0178599
0.0178572
0.0178592
0.017858
0.0178575
0.0178589
0.0178577
0.0178574
0.017856
0.0178578
0.017854
0.0178567
0.0178554
0.0179892
0.0177264
0.0178078
0.017896
0.0178715
0.0178757
0.0178748
0.0178704
0.0178698
0.01787
0.0178702
0.0178692
0.0178673
0.0178674
0.0178657
0.0178683
0.0178651
0.017864
0.0178677
0.0178627
0.0178659
0.0178642
0.0178607
0.0178599
0.0178595
0.0178593
0.017858
0.0178577
0.0178574
0.0178561
0.0178525
0.0178542
0.0178547
0.0178508
0.0178504
0.0178496
0.0178489
0.0178469
0.0178466
0.0178443
