0.0179892
0.0175657
0.0174236
0.0174216
0.0175118
0.0176058
0.0175962
0.0176022
0.0175971
0.0176019
0.0175992
0.0176061
0.0176078
0.0176128
0.0176106
0.0176139
0.0176153
0.0176173
0.0176215
0.0176234
0.0176214
0.0176208
0.0176226
0.0176197
0.0176213
0.0176197
0.0176184
0.0176135
0.0176166
0.0176165
0.0176159
0.0176165
0.0176184
0.0176209
0.0176259
0.017627
0.0176254
0.0176273
0.0176301
0.0176285
0.0179892
0.017763
0.0178119
0.0177027
0.0177886
0.0178784
0.0178556
0.0178599
0.0178598
0.0178564
0.0178553
0.0178563
0.0178558
0.0178553
0.017853
0.0178526
0.017851
0.0178531
0.0178491
0.0178479
0.0178523
0.0178473
0.0178504
0.0178475
0.0178437
0.0178424
0.0178409
0.0178413
0.0178398
0.0178394
0.0178385
0.0178369
0.0178333
0.0178342
0.0178329
0.0178294
0.0178277
0.0178256
0.0178248
0.0178216
