0.0178182
0.0170985
0.0173021
0.0165026
0.0172449
0.0171936
0.0172319
0.0173591
0.0174321
0.0174313
0.0174452
0.0174487
0.0174478
0.0174453
0.0174462
0.0174397
0.0174388
0.0174356
0.0174336
0.0174266
0.0174281
0.0174204
0.0174163
0.0174195
0.0174194
0.0174206
0.0174219
0.017428
0.0174233
0.0174277
0.0174302
0.0174255
0.0174269
0.0174258
0.0174212
0.0174169
0.0174192
0.0174154
0.0174159
0.0174061
0.0178182
0.0161015
0.0158789
0.0137258
0.0148954
0.0141553
0.0146113
0.014757
0.014671
0.014677
0.0146803
0.0146672
0.0146955
0.014705
0.0147356
0.014738
0.0147377
0.0147701
0.0147614
0.0148059
0.0147924
0.0148114
0.0148299
0.0148515
0.0148967
0.0148992
0.0149342
0.0149446
0.014982
0.0149912
0.0150161
0.0150438
0.0150624
0.0150994
0.0151358
0.0151807
0.0152244
0.0152554
0.0153138
0.0153577
