0.0179892
0.0179892
0.0179892
0.0179892
0.0179892
0.0179892
0.0179892
0.0179892
0.0179892
0.0179892
0.0179892
0.0179892
0.0179892
0.0179892
0.0179892
0.0179892
0.0179892
0.0179892
0.0179892
0.0179892
0.0179892
0.0179892
0.0179892
0.0179892
0.0179892
0.0179892
0.0179892
0.0179892
0.0179892
0.0179892
0.0179892
0.0179892
0.0179892
0.0179892
0.0179892
0.0179892
0.0179892
0.0179892
0.0179892
0.0179892
0.0179892
0.0179892
0.0179892
0.0179892
0.0179892
0.0179892
0.0179892
0.0179892
0.0179892
0.0179892
0.0179892
0.0179892
0.0179892
0.0179892
0.0179892
0.0179892
0.0179892
0.0179892
0.0179892
0.0179892
0.0179892
0.0179892
0.0179892
0.0179892
0.0179892
0.0179892
0.0179892
0.0179892
0.0179892
0.0179892
0.0179892
0.0179892
0.0179892
0.0179892
0.0179892
0.0179892
0.0179892
0.0179892
0.0179892
0.0179892
