0.0178558
0.017358
0.0176872
0.0177014
0.0177356
0.0178077
0.0178142
0.0178178
0.0178201
0.017821
0.0178218
0.0178219
0.0178224
0.0178223
0.017821
0.0178214
0.0178228
0.0178204
0.017822
0.0178203
0.0178205
0.0178203
0.0178195
0.01782
0.017819
0.0178195
0.0178209
0.0178194
0.0178205
0.0178206
0.0178219
0.0178213
0.0178207
0.0178195
0.0178203
0.0178196
0.0178202
0.0178196
0.0178181
0.0178186
0.0178558
0.0163631
0.0169925
0.0167101
0.0168777
0.0170447
0.0170721
0.0170764
0.017087
0.0171011
0.0171149
0.017109
0.017128
0.0171466
0.0171503
0.0171522
0.017166
0.0171696
0.0171712
0.0171817
0.0171834
0.0171864
0.0172028
0.0172122
0.0172344
0.0172367
0.017241
0.01725
0.0172625
0.017275
0.017291
0.0172931
0.0173047
0.0173203
0.0173358
0.0173432
0.0173692
0.0173761
0.0173927
0.0174062
