0.0178558
0.0176571
0.0173305
0.0176713
0.0176834
0.017723
0.0177948
0.0178029
0.0178074
0.0178098
0.0178104
0.0178116
0.0178116
0.0178118
0.0178117
0.0178104
0.0178113
0.0178125
0.0178094
0.0178109
0.017809
0.0178091
0.0178088
0.0178084
0.0178088
0.0178072
0.0178085
0.0178099
0.0178085
0.0178096
0.0178098
0.017811
0.0178106
0.0178097
0.0178082
0.0178087
0.0178083
0.0178092
0.0178077
0.0178062
0.0178558
0.017218
0.0159534
0.0167232
0.0163818
0.016558
0.0167247
0.016757
0.0167696
0.016788
0.0168034
0.0168178
0.016819
0.0168439
0.0168643
0.0168686
0.0168734
0.0168881
0.0168958
0.016904
0.016915
0.0169146
0.0169253
0.0169511
0.0169634
0.0169904
0.0169916
0.0170022
0.0170217
0.0170321
0.017049
0.0170703
0.0170732
0.0170953
0.0171169
0.0171342
0.0171512
0.0171831
0.0171958
0.0172176
