0.0178711
0.0175092
0.0172749
0.0174505
0.0175382
0.0175184
0.0175083
0.0175071
0.0175022
0.0174973
0.0175002
0.0174962
0.0174941
0.0174955
0.0174936
0.0174918
0.0174936
0.0174921
0.0174859
0.0174885
0.0174903
0.0174903
0.0174898
0.017493
0.0174883
0.0174867
0.0174914
0.0174915
0.0174951
0.0174927
0.0174922
0.0174881
0.0174897
0.0174885
0.0174872
0.0174863
0.0174886
0.0174847
0.0174857
0.0174881
0.0178711
0.0174876
0.017377
0.0176199
0.0176244
0.0176166
0.0176214
0.0176139
0.0176126
0.0176135
0.0176102
0.0176108
0.0176098
0.0176068
0.0176019
0.0176051
0.017602
0.0175982
0.0176005
0.0175942
0.017601
0.0175956
0.0175908
0.0175878
0.0175834
0.0175839
0.017583
0.0175816
0.0175799
0.0175787
0.0175726
0.0175715
0.017569
0.0175612
0.017562
0.0175577
0.0175526
0.0175481
0.0175479
0.0175413
