0.0179032
0.0160244
0.015853
0.0131088
0.0146886
0.0136695
0.013872
0.0139428
0.0139951
0.0138957
0.0138841
0.0138633
0.0138678
0.0138477
0.013856
0.013853
0.0138691
0.0138273
0.0138604
0.0138581
0.0138647
0.0138711
0.01386
0.013871
0.0138702
0.0138453
0.0138633
0.0138719
0.0138618
0.0138571
0.0138741
0.0138566
0.0138574
0.0138687
0.0138548
0.0138431
0.0138774
0.013838
0.0138537
0.0138687
0.0179032
0.0168051
0.0169141
0.0155963
0.0165317
0.0162353
0.0164354
0.0165988
0.0166358
0.0166339
0.0166461
0.016641
0.0166342
0.0166204
0.0165979
0.0166004
0.0165748
0.0165687
0.0165578
0.0165483
0.0165285
0.0165292
0.0165061
0.0164879
0.0164641
0.0164338
0.0164152
0.0163887
0.016375
0.016359
0.0163442
0.0163217
0.0163004
0.0162506
0.0162213
0.0161933
0.0161421
0.0161101
0.0160637
0.0160206
