0.0178711
0.0175968
0.0176215
0.0177434
0.0177207
0.0177212
0.0177148
0.0177142
0.017711
0.0177114
0.0177104
0.0177108
0.0177107
0.0177117
0.0177095
0.0177126
0.0177102
0.0177111
0.0177095
0.0177106
0.017712
0.0177101
0.0177123
0.0177121
0.0177114
0.0177097
0.0177126
0.0177131
0.0177107
0.0177137
0.0177096
0.0177082
0.0177129
0.0177097
0.0177114
0.0177116
0.0177124
0.0177113
0.0177142
0.0177142
0.0178711
0.0176727
0.0177791
0.0178234
0.0178112
0.0178157
0.0178142
0.017814
0.0178153
0.0178156
0.017815
0.017816
0.017813
0.0178126
0.0178135
0.0178124
0.0178123
0.0178111
0.0178122
0.0178107
0.0178113
0.0178102
0.0178095
0.0178074
0.017806
0.0178061
0.0178063
0.0178052
0.0178043
0.0178037
0.0178021
0.017801
0.0177999
0.0177982
0.017797
0.0177958
0.0177946
0.0177936
0.0177907
0.0177903
