0.0178409
0.0174238
0.017282
0.0174539
0.0175543
0.017565
0.0175634
0.0175714
0.0175742
0.0175726
0.0175756
0.0175748
0.0175716
0.0175732
0.0175686
0.0175664
0.0175698
0.0175651
0.0175597
0.0175551
0.0175594
0.0175566
0.0175576
0.0175635
0.0175599
0.0175555
0.0175591
0.0175606
0.0175613
0.0175614
0.0175606
0.0175604
0.0175631
0.0175587
0.0175546
0.0175562
0.0175543
0.0175509
0.0175485
0.0175474
0.0178409
0.0171501
0.016698
0.0170219
0.0171637
0.0171128
0.0171193
0.0170965
0.0170753
0.0170758
0.0170767
0.0170733
0.0170738
0.0170731
0.0170736
0.0170709
0.0170747
0.0170735
0.0170755
0.0170773
0.0170777
0.0170752
0.0170696
0.0170772
0.0170757
0.0170754
0.0170737
0.0170769
0.0170759
0.017074
0.017073
0.0170758
0.0170785
0.0170806
0.0170822
0.0170822
0.0170846
0.0170861
0.0170904
0.0170892
