0.0178182
0.0167806
0.017452
0.0173961
0.0174162
0.0175338
0.0175969
0.0175943
0.0176055
0.0176086
0.0176087
0.0176095
0.0176133
0.01761
0.0176071
0.0176049
0.0176071
0.017604
0.0176048
0.0175997
0.0175986
0.0175975
0.0175991
0.0175973
0.017601
0.0176017
0.0175975
0.0176027
0.0176058
0.0176013
0.0176029
0.0176035
0.0176005
0.0175984
0.0175998
0.0175956
0.0176027
0.0175964
0.0175934
0.0175907
0.0178182
0.0154766
0.0163831
0.0157513
0.0162535
0.0164242
0.0163546
0.0163575
0.0163359
0.0163203
0.0163407
0.0163485
0.0163589
0.0163613
0.0163651
0.0163784
0.0163801
0.0163971
0.0163813
0.0164027
0.016403
0.0164115
0.0164273
0.0164254
0.0164642
0.0164655
0.0164805
0.0164774
0.0164938
0.0165049
0.0165118
0.0165222
0.0165434
0.016566
0.0165773
0.016591
0.0166241
0.0166404
0.0166625
0.0166814
