0.0180347
0.017809
0.0172415
0.0177192
0.0176309
0.0176467
0.0177578
0.0177897
0.0177947
0.0178067
0.0178084
0.0178128
0.0178171
0.0178209
0.0178234
0.0178283
0.0178268
0.0178284
0.017832
0.0178347
0.0178358
0.0178365
0.0178366
0.0178375
0.0178374
0.0178351
0.0178369
0.0178356
0.0178342
0.0178325
0.0178367
0.0178324
0.0178342
0.0178355
0.0178364
0.0178399
0.0178417
0.0178432
0.0178447
0.0178456
0.0180347
0.0178985
0.0177528
0.0179198
0.0179447
0.0177015
0.017807
0.0179105
0.0178855
0.0178889
0.0178905
0.0178856
0.0178868
0.0178864
0.0178886
0.017888
0.0178899
0.0178875
0.0178883
0.01789
0.0178921
0.0178887
0.0178914
0.0178903
0.0178916
0.0178875
0.0178913
0.0178932
0.0178972
0.0178951
0.0178952
0.017899
0.0178983
0.0178964
0.0178989
0.0178992
0.0179023
0.0179031
0.0179022
0.0179057
