0.0179032
0.0151672
0.0164665
0.0155404
0.0157962
0.0159477
0.0160338
0.0159298
0.015913
0.0158925
0.0158956
0.0158881
0.0158837
0.0158841
0.0158857
0.0158575
0.0158883
0.0158885
0.0158988
0.0158918
0.0158796
0.0158958
0.0158866
0.0158768
0.0159017
0.0158964
0.015883
0.0158825
0.0158949
0.0158862
0.0158981
0.0158975
0.0158851
0.01588
0.0159054
0.0158669
0.0158808
0.0158914
0.0158813
0.0158697
0.0179032
0.0163816
0.017184
0.0169351
0.0171224
0.0172839
0.0173016
0.0173003
0.0173087
0.0173086
0.0173092
0.0173056
0.0172953
0.0172945
0.0172798
0.017283
0.0172718
0.0172684
0.0172639
0.0172555
0.0172447
0.0172487
0.0172433
0.0172246
0.0172053
0.01719
0.0171973
0.0171874
0.0171744
0.0171696
0.0171589
0.0171414
0.0171258
0.0171032
0.0170914
0.0170803
0.0170468
0.0170365
0.0170139
0.0169993
