0.0178182
0.0175563
0.0175451
0.017522
0.0176309
0.0176887
0.0176791
0.0176901
0.0176926
0.0176932
0.0176952
0.0176961
0.0176952
0.0176975
0.017695
0.0176956
0.0176949
0.0176963
0.0176935
0.0176922
0.0176939
0.0176938
0.0176921
0.0176939
0.0176935
0.0176912
0.0176931
0.017696
0.0176956
0.0176937
0.0176937
0.0176914
0.0176939
0.0176926
0.0176918
0.0176946
0.0176927
0.0176921
0.017692
0.0176914
0.0178182
0.0171556
0.0167981
0.0170624
0.0172434
0.0172061
0.0172116
0.0172008
0.017198
0.0172037
0.0172068
0.0172029
0.0172095
0.0172099
0.0172147
0.0172162
0.0172192
0.0172193
0.0172222
0.017225
0.0172292
0.0172287
0.0172345
0.0172491
0.0172513
0.0172563
0.0172522
0.0172601
0.017269
0.0172697
0.0172717
0.0172795
0.0172833
0.0172951
0.0173045
0.0173028
0.0173158
0.0173215
0.0173359
0.0173397
