0.0179032
0.0170122
0.0142187
0.0158338
0.014837
0.0150612
0.0151841
0.0152526
0.0151447
0.0151239
0.0151091
0.0151147
0.015099
0.0150974
0.0151
0.0151146
0.0150746
0.0151091
0.0151003
0.0151129
0.0151085
0.0150983
0.015114
0.0151128
0.0150939
0.0151153
0.0151191
0.0151069
0.0150954
0.0151162
0.0151025
0.0151103
0.0151096
0.0151027
0.0150923
0.0151274
0.0150854
0.015095
0.0151137
0.0151132
0.0179032
0.0173183
0.0160394
0.0169595
0.0166571
0.0168639
0.0170173
0.0170433
0.0170439
0.0170586
0.0170524
0.0170574
0.0170429
0.0170329
0.0170284
0.0170145
0.0170122
0.0169984
0.0170006
0.0169808
0.0169804
0.0169663
0.0169637
0.0169491
0.0169269
0.0169058
0.0168906
0.0168867
0.0168736
0.0168594
0.0168495
0.0168336
0.0168095
0.0167835
0.016758
0.0167398
0.0167127
0.0166778
0.0166513
0.016628
