0.0179892
0.016783
0.0169316
0.0153095
0.0165188
0.0161685
0.0163005
0.0163974
0.0165327
0.0165291
0.0165495
0.0165452
0.016569
0.0165671
0.0165919
0.016603
0.0166186
0.0166218
0.0166409
0.0166487
0.0166688
0.016652
0.0166561
0.0166583
0.0166611
0.0166647
0.0166483
0.0166584
0.01664
0.0166424
0.0166348
0.0166392
0.0166432
0.0166532
0.0166631
0.0166731
0.0166822
0.0166922
0.0166995
0.0167088
0.0179892
0.0174381
0.0176421
0.0172582
0.0176993
0.0177448
0.0176445
0.0177363
0.0178299
0.0178103
0.0178162
0.0178161
0.017813
0.0178133
0.0178113
0.0178115
0.0178091
0.0178051
0.0178041
0.0178019
0.0178051
0.0177994
0.017798
0.0178009
0.0177939
0.0177954
0.0177922
0.0177856
0.0177827
0.017782
0.0177793
0.0177749
0.0177754
0.0177722
0.0177664
0.0177602
0.0177576
0.017754
0.0177461
0.0177423
