0.0179434
0.0175381
0.01742
0.0176701
0.0176841
0.0176788
0.0176823
0.0176773
0.0176774
0.0176776
0.017677
0.01768
0.0176801
0.0176805
0.0176789
0.0176832
0.0176809
0.0176844
0.0176866
0.0176836
0.0176827
0.0176816
0.0176815
0.0176848
0.0176808
0.0176815
0.0176826
0.0176836
0.0176814
0.0176823
0.0176822
0.0176803
0.0176848
0.0176842
0.0176841
0.0176874
0.0176843
0.0176887
0.0176869
0.0176884
0.0179434
0.0177279
0.0175765
0.017686
0.0177936
0.0177718
0.017772
0.0177723
0.017766
0.0177659
0.0177666
0.0177656
0.0177661
0.0177637
0.0177635
0.0177645
0.0177632
0.0177642
0.0177612
0.0177637
0.0177641
0.0177627
0.0177616
0.0177572
0.0177589
0.0177575
0.0177606
0.0177578
0.0177575
0.0177564
0.0177559
0.0177557
0.017754
0.0177532
0.0177517
0.0177531
0.0177531
0.0177501
0.0177481
0.0177498
