0.0178409
0.0160569
0.0171043
0.0168024
0.0170886
0.0171853
0.0172138
0.0172183
0.0172247
0.0172228
0.017223
0.0172208
0.0172196
0.0172163
0.0172054
0.0171939
0.0172007
0.0171955
0.0171895
0.0171773
0.017166
0.0171752
0.0171716
0.0171738
0.0171835
0.0171895
0.0171792
0.0171864
0.0171883
0.0171802
0.0171816
0.0171906
0.0171875
0.0171742
0.0171804
0.0171648
0.0171739
0.0171693
0.0171601
0.017141
0.0178409
0.0151729
0.0162308
0.0154248
0.0160403
0.0161521
0.0160653
0.0160515
0.0160086
0.0159612
0.0159727
0.0159827
0.0159761
0.0159658
0.0159561
0.0159647
0.0159707
0.0159811
0.015958
0.0159715
0.0159659
0.0159846
0.0159713
0.0159469
0.0159719
0.0159668
0.0159868
0.0159721
0.0159761
0.0159706
0.0159724
0.0159635
0.0159673
0.0159828
0.0159884
0.015983
0.0160023
0.0160068
0.0160125
0.0160082
