0.0178409
0.0175568
0.017599
0.0177319
0.0177281
0.0177325
0.0177315
0.0177373
0.0177352
0.0177369
0.0177365
0.017736
0.0177365
0.0177365
0.0177336
0.0177355
0.0177346
0.0177342
0.0177298
0.017732
0.0177319
0.0177308
0.017733
0.017734
0.0177305
0.0177301
0.0177344
0.0177308
0.0177339
0.0177328
0.0177305
0.0177344
0.0177337
0.0177294
0.0177305
0.0177301
0.0177305
0.0177293
0.0177278
0.0177289
0.0178409
0.0173699
0.0174032
0.0176304
0.0175828
0.0175861
0.0175842
0.0175725
0.0175714
0.0175704
0.0175724
0.0175705
0.0175691
0.0175702
0.0175714
0.0175685
0.0175714
0.0175688
0.0175728
0.0175706
0.0175728
0.0175702
0.0175658
0.017572
0.0175695
0.0175705
0.0175693
0.0175715
0.0175703
0.0175691
0.0175687
0.0175716
0.0175703
0.0175723
0.0175718
0.0175734
0.0175739
0.0175736
0.0175748
0.0175761
