0.0179032
0.017289
0.0167996
0.0168405
0.0170227
0.0170738
0.0170374
0.0170248
0.0170132
0.017007
0.0170048
0.0170066
0.0170036
0.0170034
0.0170091
0.0170157
0.0170126
0.0170175
0.0170088
0.0170064
0.0170125
0.0170093
0.0170108
0.0170158
0.0170127
0.0170093
0.0170118
0.0170172
0.0170147
0.0170137
0.0170117
0.0170081
0.017007
0.0170119
0.0170039
0.0170128
0.0170127
0.017015
0.0170182
0.0170247
0.0179032
0.0174854
0.0173748
0.017475
0.0176195
0.0176313
0.0176311
0.0176344
0.0176373
0.0176425
0.0176405
0.017644
0.0176378
0.0176344
0.0176319
0.0176291
0.0176264
0.0176254
0.0176236
0.0176158
0.0176168
0.0176148
0.0176125
0.0176043
0.017597
0.0175956
0.0175936
0.0175865
0.0175856
0.017582
0.0175773
0.0175699
0.0175629
0.0175546
0.0175492
0.0175417
0.0175299
0.0175237
0.017516
0.0175059
