0.0178558
0.0174853
0.0176268
0.0172995
0.0176468
0.0176643
0.0177034
0.017778
0.0177872
0.0177924
0.0177941
0.0177953
0.0177963
0.0177959
0.0177958
0.0177958
0.0177948
0.017795
0.0177963
0.0177926
0.0177941
0.0177917
0.0177918
0.0177916
0.0177909
0.0177924
0.0177903
0.0177918
0.0177929
0.0177926
0.0177931
0.0177939
0.017795
0.0177934
0.017793
0.0177908
0.0177914
0.0177908
0.0177919
0.0177895
0.0178558
0.0166996
0.0167134
0.0154399
0.016213
0.0158725
0.0160383
0.0162186
0.0162633
0.0162851
0.0163089
0.0163267
0.0163513
0.0163598
0.01639
0.0164097
0.0164236
0.0164291
0.0164467
0.0164665
0.0164731
0.0164835
0.0164951
0.0165199
0.0165487
0.0165688
0.0165891
0.016606
0.0166285
0.0166483
0.016675
0.0166907
0.0167168
0.0167366
0.0167649
0.0167933
0.0168299
0.0168517
0.0168962
0.0169163
