0.0178783
0.017779
0.0176327
0.017784
0.0177969
0.0178095
0.0178531
0.0178552
0.0178569
0.0178554
0.0178566
0.0178551
0.0178539
0.0178538
0.0178551
0.0178566
0.0178539
0.0178561
0.0178544
0.0178548
0.0178559
0.0178548
0.017854
0.0178567
0.0178552
0.0178553
0.0178552
0.0178549
0.0178559
0.0178568
0.0178536
0.0178571
0.017856
0.017856
0.0178555
0.0178558
0.0178548
0.0178553
0.017856
0.0178556
0.0178783
0.0175413
0.0170794
0.0174058
0.017336
0.0174001
0.0175187
0.0175373
0.0175516
0.017566
0.0175723
0.0175867
0.0175875
0.0175995
0.0176085
0.01761
0.0176131
0.0176168
0.0176186
0.0176226
0.0176285
0.0176276
0.0176322
0.01764
0.0176462
0.0176532
0.0176585
0.017663
0.0176688
0.0176725
0.0176797
0.017686
0.0176879
0.0176943
0.0177
0.0177077
0.017713
0.0177228
0.0177271
0.0177337
