0.0178409
0.0172294
0.0156682
0.016861
0.0165189
0.0168268
0.0169098
0.0169533
0.0169561
0.0169636
0.0169628
0.0169632
0.0169561
0.0169563
0.0169482
0.0169348
0.0169233
0.0169285
0.016914
0.0169086
0.0168977
0.016887
0.0168949
0.0168935
0.0168936
0.0169001
0.0169131
0.0169014
0.016913
0.0169144
0.0169018
0.0169061
0.0169156
0.0169056
0.0168884
0.0168966
0.0168817
0.0168878
0.0168771
0.016868
0.0178409
0.0168595
0.0142406
0.0155999
0.0147116
0.0152855
0.0153945
0.0152806
0.015255
0.0152132
0.0151684
0.0151782
0.0151859
0.0151813
0.0151711
0.0151625
0.0151727
0.0151709
0.0151853
0.0151633
0.015183
0.0151669
0.0151826
0.0151824
0.0151538
0.0151792
0.0151701
0.0151958
0.0151779
0.0151849
0.0151754
0.0151838
0.0151742
0.0151833
0.0151978
0.0152069
0.0152019
0.0152277
0.0152378
0.0152403
