0.0178711
0.0154182
0.0166891
0.015985
0.016175
0.0162553
0.0163741
0.0163038
0.0162963
0.016278
0.0162736
0.0162654
0.0162604
0.0162494
0.016233
0.0162154
0.0162369
0.01622
0.0162152
0.0162062
0.0161852
0.0162145
0.0161992
0.0161991
0.0162185
0.0162265
0.0162098
0.0162196
0.016212
0.0162107
0.0162238
0.0162312
0.01622
0.0161993
0.0162105
0.016176
0.0161923
0.0161901
0.0161762
0.0161516
0.0178711
0.0156197
0.0166497
0.0160333
0.0163407
0.016498
0.0165006
0.0164839
0.016462
0.0164409
0.0164367
0.0164303
0.0164094
0.0164086
0.0163933
0.0163898
0.0163791
0.0163816
0.016365
0.0163558
0.0163426
0.016368
0.0163525
0.0163121
0.0162977
0.016282
0.0163031
0.0162862
0.0162728
0.0162605
0.0162504
0.0162299
0.0162222
0.0162007
0.0161915
0.0161622
0.0161536
0.0161336
0.0161159
0.0160911
