0.0178783
0.0176393
0.017789
0.0178018
0.0178138
0.0178575
0.0178599
0.0178608
0.0178596
0.0178604
0.0178597
0.0178585
0.0178578
0.0178597
0.0178607
0.0178578
0.0178604
0.0178584
0.0178595
0.0178595
0.0178594
0.0178583
0.01786
0.0178593
0.0178595
0.0178599
0.0178597
0.0178595
0.0178605
0.0178579
0.0178617
0.0178601
0.0178603
0.0178597
0.0178601
0.0178591
0.0178595
0.0178603
0.0178597
0.0178594
0.0178783
0.0172064
0.0174894
0.0174399
0.0174935
0.0176137
0.0176287
0.0176358
0.017646
0.0176523
0.0176644
0.0176646
0.0176722
0.0176804
0.0176814
0.0176849
0.0176895
0.0176885
0.0176901
0.0176955
0.0176945
0.0176968
0.0177018
0.0177073
0.0177124
0.0177169
0.0177204
0.0177223
0.0177267
0.0177303
0.0177367
0.0177372
0.0177407
0.017745
0.0177518
0.0177539
0.0177636
0.0177648
0.0177701
0.0177754
