0.0178409
0.0166054
0.0167793
0.0151966
0.0164201
0.0160852
0.0163893
0.0164909
0.0165371
0.0165364
0.0165432
0.0165432
0.0165393
0.0165267
0.0165194
0.016503
0.0164963
0.0164767
0.016473
0.0164573
0.0164526
0.0164387
0.016428
0.0164385
0.016439
0.0164437
0.0164501
0.016466
0.0164564
0.0164636
0.0164614
0.016459
0.0164568
0.0164593
0.016448
0.0164302
0.0164388
0.0164184
0.0164133
0.016394
0.0178409
0.015966
0.015655
0.0131237
0.0144611
0.0135422
0.0140688
0.0141378
0.0140101
0.0139778
0.0139476
0.0139046
0.0139171
0.013915
0.0139148
0.013902
0.0138912
0.0139138
0.0138939
0.0139158
0.0138908
0.0139145
0.0138986
0.0139145
0.0139063
0.013887
0.0139151
0.0139037
0.013921
0.0139092
0.0139089
0.0139161
0.0139263
0.013926
0.0139225
0.0139473
0.0139654
0.0139633
0.0139894
0.0140116
