0.0180347
0.0179149
0.0178545
0.0179699
0.0179826
0.0179846
0.0179884
0.0179884
0.0179913
0.017992
0.0179911
0.0179924
0.0179929
0.0179932
0.017993
0.0179928
0.0179928
0.0179939
0.0179942
0.0179937
0.0179941
0.0179933
0.0179941
0.0179934
0.0179938
0.0179934
0.0179937
0.0179939
0.0179927
0.0179931
0.0179934
0.0179924
0.0179932
0.0179939
0.0179922
0.0179945
0.0179932
0.0179936
0.0179941
0.017995
0.0180347
0.0179635
0.0177177
0.0178238
0.0179259
0.0179006
0.017904
0.0179063
0.0179002
0.0179011
0.0179014
0.0179043
0.0179029
0.0179041
0.0179026
0.0179049
0.0179049
0.0179075
0.0179035
0.0179062
0.0179063
0.0179069
0.0179039
0.0179083
0.0179095
0.0179116
0.0179112
0.0179113
0.0179144
0.0179147
0.0179135
0.0179153
0.0179165
0.0179195
0.0179206
0.01792
0.0179227
0.0179236
0.017926
0.0179281
