0.0179434
0.0161553
0.0161456
0.0136748
0.0152272
0.0144326
0.0147532
0.0148735
0.0149293
0.0148827
0.0148816
0.0148766
0.0148958
0.0149004
0.014938
0.0149384
0.0149692
0.0149483
0.0149898
0.0149929
0.0150136
0.0150138
0.0150096
0.0150087
0.0150073
0.0150022
0.0149882
0.0149832
0.014975
0.0149689
0.0149797
0.0149752
0.014987
0.0150115
0.0150139
0.0150205
0.015045
0.0150353
0.0150503
0.0150658
0.0179434
0.0171495
0.0173836
0.0166475
0.0173317
0.0173151
0.0172411
0.0173562
0.0174876
0.0174754
0.0174835
0.0174896
0.0174812
0.017477
0.0174712
0.0174687
0.017467
0.0174574
0.0174532
0.0174479
0.0174429
0.0174416
0.017432
0.0174286
0.0174237
0.0174049
0.0174001
0.0173799
0.0173791
0.017374
0.0173695
0.0173575
0.0173521
0.0173321
0.0173206
0.0173069
0.0172843
0.0172748
0.0172475
0.0172345
