0.0179434
0.0177532
0.0178413
0.0178961
0.0178837
0.0178901
0.0178866
0.0178892
0.0178889
0.0178887
0.0178893
0.0178879
0.0178878
0.0178865
0.0178857
0.0178877
0.0178868
0.0178864
0.017884
0.0178842
0.0178846
0.0178841
0.0178847
0.0178844
0.017884
0.0178847
0.0178856
0.0178849
0.0178862
0.0178856
0.0178841
0.0178858
0.0178856
0.0178844
0.0178846
0.0178831
0.0178854
0.017883
0.0178826
0.017882
0.0179434
0.0176267
0.0177112
0.0178259
0.0177987
0.0177995
0.017799
0.017791
0.0177898
0.0177905
0.0177899
0.0177908
0.0177893
0.01779
0.0177904
0.0177895
0.0177914
0.0177878
0.0177907
0.0177914
0.0177891
0.0177894
0.0177868
0.0177891
0.0177883
0.0177917
0.0177902
0.0177898
0.0177899
0.0177894
0.0177898
0.0177889
0.0177898
0.0177896
0.017792
0.0177936
0.0177915
0.0177923
0.0177929
0.0177935
