0.0179434
0.0173419
0.0169791
0.0171145
0.0172932
0.0173168
0.0173044
0.0173048
0.017297
0.0172968
0.0173002
0.0173031
0.0173086
0.0173132
0.0173088
0.0173164
0.0173168
0.0173203
0.0173276
0.0173283
0.0173281
0.0173197
0.0173222
0.017322
0.0173219
0.0173172
0.0173211
0.0173174
0.0173193
0.0173171
0.0173214
0.0173176
0.0173201
0.017326
0.0173253
0.0173343
0.0173316
0.01733
0.0173377
0.0173401
0.0179434
0.0176263
0.0176505
0.0175331
0.0176304
0.0177489
0.017725
0.0177286
0.0177314
0.0177268
0.0177249
0.0177264
0.0177241
0.017725
0.0177203
0.0177203
0.017721
0.0177188
0.0177203
0.017715
0.0177195
0.0177195
0.0177156
0.0177127
0.0177062
0.0177082
0.017706
0.017707
0.0177033
0.0177028
0.0177011
0.0176995
0.017697
0.0176926
0.0176901
0.0176865
0.017685
0.0176838
0.0176762
0.0176736
