0.0179032
0.0176334
0.0177028
0.017804
0.0177814
0.0177864
0.0177835
0.0177824
0.0177816
0.017781
0.0177815
0.0177816
0.0177836
0.0177829
0.0177827
0.0177842
0.0177848
0.017785
0.017787
0.0177874
0.0177872
0.0177859
0.0177874
0.0177881
0.0177863
0.0177859
0.0177862
0.0177871
0.0177853
0.0177859
0.0177853
0.0177862
0.0177847
0.0177873
0.0177861
0.0177891
0.017788
0.01779
0.0177904
0.0177908
0.0179032
0.0177551
0.0178705
0.017887
0.017883
0.0178863
0.0178859
0.0178859
0.0178876
0.0178876
0.0178875
0.0178874
0.0178873
0.0178866
0.0178864
0.0178868
0.0178864
0.0178853
0.0178859
0.0178855
0.0178856
0.0178858
0.0178852
0.0178851
0.0178842
0.0178836
0.0178838
0.0178826
0.0178828
0.0178825
0.017882
0.0178821
0.0178808
0.0178798
0.0178787
0.0178778
0.0178776
0.0178771
0.0178753
0.0178757
