0.0178182
0.0176227
0.0177124
0.0177662
0.0177509
0.0177582
0.0177586
0.0177586
0.0177598
0.0177593
0.0177594
0.0177615
0.0177612
0.017762
0.0177613
0.0177624
0.0177627
0.0177622
0.0177643
0.0177656
0.0177638
0.0177641
0.0177644
0.0177635
0.0177635
0.0177647
0.0177641
0.0177642
0.0177639
0.0177621
0.0177635
0.0177634
0.0177638
0.0177652
0.0177646
0.0177655
0.0177662
0.0177658
0.0177667
0.0177663
0.0178182
0.0177126
0.0178071
0.0178108
0.0178092
0.0178109
0.0178107
0.0178107
0.0178114
0.0178109
0.0178112
0.0178111
0.0178109
0.0178114
0.0178111
0.0178105
0.0178105
0.0178109
0.0178109
0.0178109
0.0178106
0.0178109
0.0178107
0.0178109
0.0178103
0.0178105
0.0178105
0.0178102
0.0178099
0.0178104
0.0178107
0.01781
0.0178101
0.0178098
0.0178094
0.0178096
0.0178092
0.0178091
0.0178087
0.0178086
