0.0179892
0.0173905
0.0157916
0.01699
0.0166231
0.0167527
0.0168433
0.0169724
0.0169593
0.0169763
0.0169743
0.0169892
0.0169846
0.0170034
0.0170083
0.0170266
0.0170194
0.0170295
0.0170439
0.0170574
0.0170493
0.0170535
0.0170485
0.0170538
0.0170587
0.0170451
0.0170558
0.0170392
0.017041
0.0170326
0.0170409
0.0170403
0.0170408
0.0170485
0.0170584
0.0170701
0.0170668
0.0170748
0.0170812
0.0170808
0.0179892
0.0176706
0.0172875
0.0177257
0.017765
0.0176658
0.0177552
0.0178477
0.0178266
0.0178326
0.0178325
0.0178299
0.0178293
0.0178289
0.0178289
0.0178271
0.0178239
0.0178226
0.0178208
0.0178239
0.017818
0.017818
0.0178213
0.0178147
0.0178173
0.0178141
0.0178083
0.0178059
0.0178053
0.0178043
0.0178002
0.0178011
0.0177994
0.0177946
0.01779
0.0177899
0.0177862
0.0177793
0.0177775
0.0177731
