0.0178711
0.0170761
0.0146634
0.0161896
0.0154187
0.0156006
0.0156523
0.0157729
0.015695
0.0156914
0.0156699
0.0156696
0.0156505
0.0156478
0.0156305
0.0156154
0.0155953
0.0156119
0.0155825
0.0155828
0.0155798
0.0155561
0.0155828
0.0155703
0.0155685
0.0155854
0.0156036
0.0155847
0.0155961
0.0155918
0.015583
0.0155967
0.0156077
0.0155835
0.0155615
0.0155728
0.0155432
0.0155477
0.015547
0.0155349
0.0178711
0.0170817
0.0149122
0.0161748
0.0154719
0.015774
0.0159139
0.0159089
0.0158867
0.0158696
0.0158351
0.0158393
0.0158196
0.0157957
0.0157916
0.0157778
0.0157688
0.0157585
0.0157663
0.0157296
0.0157323
0.0157111
0.0157264
0.0157111
0.0156618
0.0156477
0.0156336
0.0156445
0.0156253
0.0156113
0.0155931
0.0155756
0.0155536
0.0155341
0.0155123
0.015494
0.015457
0.0154417
0.0154111
0.0153949
