0.0180347
0.0178687
0.0178415
0.0178137
0.017918
0.0179406
0.0179414
0.0179478
0.0179492
0.0179526
0.0179532
0.0179539
0.0179549
0.0179569
0.017957
0.0179569
0.0179562
0.0179571
0.0179609
0.0179599
0.0179601
0.0179599
0.0179608
0.0179609
0.0179592
0.0179603
0.01796
0.017959
0.0179604
0.0179581
0.0179595
0.017959
0.0179583
0.0179593
0.0179609
0.0179603
0.0179624
0.0179621
0.0179612
0.0179627
0.0180347
0.0179325
0.0179578
0.0177137
0.0178196
0.0179219
0.0178968
0.0179005
0.0179024
0.017896
0.0178974
0.0178976
0.0179002
0.0178989
0.0179006
0.0178986
0.0179011
0.0179011
0.0179038
0.0178995
0.0179028
0.017902
0.0179026
0.0178995
0.0179041
0.0179057
0.017908
0.0179073
0.0179072
0.0179109
0.0179104
0.0179088
0.017911
0.0179125
0.0179149
0.0179163
0.0179154
0.0179183
0.0179192
0.0179215
