0.0178783
0.0176993
0.0177709
0.0176253
0.0177779
0.017791
0.0178042
0.0178474
0.0178503
0.0178515
0.01785
0.017851
0.0178501
0.0178484
0.0178481
0.0178493
0.0178502
0.0178479
0.0178508
0.0178495
0.017849
0.0178503
0.017849
0.0178488
0.0178511
0.0178499
0.0178501
0.0178489
0.0178488
0.0178504
0.0178517
0.0178481
0.0178516
0.0178508
0.0178504
0.0178504
0.0178506
0.0178498
0.0178497
0.0178504
0.0178783
0.0173152
0.0173866
0.0169204
0.0172485
0.0171892
0.0172465
0.0173777
0.0174048
0.0174237
0.0174427
0.017448
0.0174677
0.017475
0.017485
0.0174937
0.0174999
0.0175018
0.0175074
0.0175143
0.0175184
0.0175232
0.017528
0.0175357
0.017544
0.0175547
0.0175616
0.0175682
0.0175776
0.0175841
0.0175927
0.0175994
0.0176077
0.0176144
0.0176239
0.0176307
0.0176443
0.0176494
0.0176643
0.0176719
