0.0178711
0.0173273
0.0169644
0.0169749
0.0170864
0.0171753
0.0171409
0.0171343
0.0171269
0.0171223
0.0171186
0.0171225
0.0171096
0.0171118
0.0171064
0.0171073
0.0171012
0.0171029
0.0170952
0.0170894
0.0170951
0.0170946
0.0170951
0.0170974
0.0170941
0.01709
0.0170985
0.0170976
0.0171048
0.0171069
0.0170991
0.0171007
0.0170953
0.0170933
0.0170867
0.0170886
0.0170885
0.0170813
0.0170821
0.0170832
0.0178711
0.0173099
0.0169876
0.0170922
0.0172601
0.0172723
0.0172637
0.0172571
0.0172482
0.0172469
0.0172418
0.0172438
0.0172386
0.0172317
0.0172282
0.0172229
0.0172234
0.0172177
0.0172168
0.0172091
0.0172117
0.0172104
0.0171999
0.0171934
0.0171873
0.0171833
0.0171806
0.0171751
0.0171732
0.0171699
0.0171645
0.0171539
0.0171515
0.0171415
0.017134
0.0171294
0.0171193
0.0171093
0.0171009
0.0170983
