0.0183968
0.0183968
0.0183968
0.0183968
0.0183968
0.0183968
0.0183968
0.0183968
0.0183968
0.0183968
0.0183968
0.0183968
0.0183968
0.0183968
0.0183968
0.0183968
0.0183968
0.0183968
0.0183968
0.0183968
0.0183968
0.0183968
0.0183968
0.0183968
0.0183968
0.0183968
0.0183968
0.0183968
0.0183968
0.0183968
0.0183968
0.0183968
0.0183968
0.0183968
0.0183968
0.0183968
0.0183968
0.0183968
0.0183968
0.0183968
0.0183968
0.0183968
0.0183968
0.0183968
0.0183968
0.0183968
0.0183968
0.0183968
0.0183968
0.0183968
