0.0185064
0.0185064
0.0185064
0.0185064
0.0185064
0.0185064
0.0185064
0.0185064
0.0185064
0.0185064
0.0185064
0.0185064
0.0185064
0.0185064
0.0185064
0.0185064
0.0185064
0.0185064
0.0185064
0.0185064
0.0185064
0.0185064
0.0185064
0.0185064
0.0185064
0.0185064
0.0185064
0.0185064
0.0185064
0.0185064
0.0185064
0.0185064
0.0185064
0.0185064
0.0185064
0.0185064
0.0185064
0.0185064
0.0185064
0.0185064
0.0185064
0.0185064
0.0185064
0.0185064
0.0185064
0.0185064
0.0185064
0.0185064
0.0185064
0.0185064
