0.26627 0.81978 0.99630 1.06604 
0.87134 0.91968 0.95469 0.98098 
0.95906 0.98150 1.00244 1.02127 
0.92641 0.94569 0.96358 0.97832 
0.91511 0.96281 0.99316 1.01532 
0.91339 0.94567 0.97179 0.99329 
0.90187 0.95762 0.99047 1.01375 
0.89798 0.93928 0.97050 0.99314 
0.89730 0.95296 0.98801 1.01084 
0.89899 0.94313 0.97487 0.99859 
0.90143 0.95415 0.98855 1.01034 
0.90074 0.94646 0.97775 1.00037 
0.90181 0.95353 0.98739 1.00942 
0.90114 0.94767 0.97977 1.00277 
0.90153 0.95345 0.98602 1.00839 
0.90071 0.94812 0.98031 1.00392 
0.90076 0.95234 0.98619 1.00889 
0.90078 0.94866 0.98154 1.00482 
0.90189 0.95184 0.98522 1.00730 
0.90124 0.94988 0.98280 1.00488 
0.90135 0.95129 0.98479 1.00699 
0.90165 0.94967 0.98168 1.00535 
0.90239 0.95152 0.98399 1.00660 
0.90172 0.95057 0.98247 1.00476 
0.90164 0.95101 0.98397 1.00659 
0.90138 0.95047 0.98345 1.00548 
0.90072 0.95148 0.98385 1.00580 
0.90134 0.95008 0.98311 1.00608 
0.90206 0.95067 0.98364 1.00647 
0.90159 0.95050 0.98308 1.00589 
0.26616 1.00584 1.09991 1.12591 
0.97809 1.01326 1.03779 1.05569 
1.02223 1.04092 1.05821 1.07734 
0.98184 1.00407 1.02338 1.03927 
1.02623 1.04777 1.06159 1.06991 
0.99334 1.02220 1.03995 1.05070 
0.99704 1.02835 1.04767 1.05827 
0.98448 1.01994 1.04062 1.05245 
0.99047 1.02468 1.04349 1.05476 
0.98772 1.02078 1.04083 1.05235 
0.99246 1.02538 1.04291 1.05421 
0.99045 1.02154 1.04142 1.05122 
0.99274 1.02307 1.04184 1.05341 
0.99130 1.02153 1.04142 1.05226 
0.99220 1.02402 1.04198 1.05261 
0.99277 1.02349 1.04226 1.05250 
0.99380 1.02288 1.04178 1.05243 
0.99245 1.02330 1.04091 1.05271 
0.99199 1.02205 1.04197 1.05140 
0.99307 1.02424 1.04157 1.05264 
