0.90145 0.96059 0.99623 1.01873 
0.92567 0.97361 1.00458 1.02481 
0.93488 0.97920 1.00772 1.02603 
0.93949 0.98205 1.00956 1.02777 
0.94049 0.98255 1.00961 1.02794 
0.94039 0.98305 1.01076 1.02711 
0.93897 0.98176 1.01035 1.02777 
0.93955 0.98197 1.00902 1.02770 
0.93972 0.98179 1.00946 1.02770 
0.99431 1.02970 1.04733 1.05829 
1.00792 1.03597 1.05058 1.06040 
1.01696 1.04103 1.05390 1.06257 
1.02007 1.04178 1.05467 1.06269 
1.02186 1.04332 1.05542 1.06200 
1.02093 1.04268 1.05552 1.06329 
1.02115 1.04314 1.05498 1.06283 
1.02149 1.04360 1.05515 1.06153 
