0.93959 0.99294 1.02250 1.03925 
0.96521 1.00595 1.02967 1.04463 
0.97593 1.01235 1.03345 1.04666 
0.98180 1.01608 1.03620 1.04773 
0.98129 1.01577 1.03551 1.04736 
0.98294 1.01640 1.03500 1.04760 
0.98211 1.01518 1.03579 1.04741 
0.98173 1.01495 1.03522 1.04701 
0.98147 1.01599 1.03586 1.04705 
0.98062 1.01505 1.03517 1.04786 
0.98057 1.01525 1.03523 1.04713 
1.02148 1.04004 1.05284 1.06001 
1.01195 1.03544 1.04993 1.05735 
1.00447 1.03107 1.04619 1.05610 
1.00124 1.02918 1.04598 1.05567 
0.99946 1.02911 1.04497 1.05538 
0.99990 1.02933 1.04585 1.05579 
0.99940 1.02938 1.04568 1.05532 
