0.26414 0.97368 1.07896 1.11429 
0.96747 1.00601 1.03405 1.05454 
1.02201 1.04526 1.06552 1.08610 
0.99321 1.01671 1.03808 1.05605 
1.02688 1.04463 1.05700 1.06710 
1.00581 1.02608 1.04201 1.05367 
1.00039 1.02629 1.04272 1.05605 
0.99820 1.02368 1.04076 1.05479 
0.99909 1.02636 1.04234 1.05536 
1.00133 1.02480 1.04151 1.05509 
1.00247 1.02525 1.04274 1.05587 
1.00176 1.02583 1.04197 1.05463 
1.00218 1.02657 1.04228 1.05434 
1.00218 1.02636 1.04190 1.05423 
1.00325 1.02589 1.04194 1.05458 
1.00185 1.02684 1.04179 1.05334 
1.00210 1.02626 1.04179 1.05450 
1.00232 1.02562 1.04191 1.05457 
1.00359 1.02542 1.04224 1.05515 
1.00230 1.02552 1.04160 1.05463 
