1.03458 1.04375 1.05100 1.05748 
1.02464 1.03539 1.04680 1.05403 
1.01537 1.02977 1.04132 1.05073 
1.00710 1.02411 1.03643 1.04631 
1.00098 1.01885 1.03303 1.04423 
0.99711 1.01570 1.03107 1.04213 
0.99498 1.01484 1.03017 1.04220 
0.99442 1.01438 1.02956 1.04226 
0.99482 1.01526 1.02979 1.04138 
0.99431 1.01486 1.03064 1.04186 
0.99520 1.01384 1.02962 1.04194 
0.99457 1.01519 1.03048 1.04204 
0.99550 1.01516 1.03005 1.04137 
0.99511 1.01590 1.03008 1.04207 
0.99569 1.01479 1.03040 1.04167 
0.99663 1.01556 1.03006 1.04132 
0.99616 1.01511 1.03024 1.04146 
