0.26565 0.75350 0.98446 1.06561 
0.85013 0.92547 0.97631 1.01047 
0.99788 1.02172 1.03951 1.05332 
1.02200 1.04442 1.06203 1.07368 
1.03345 1.04536 1.05612 1.06496 
1.02587 1.03903 1.04942 1.05886 
1.02701 1.04322 1.05640 1.06675 
1.03637 1.05016 1.05867 1.06636 
1.02864 1.04136 1.05212 1.05980 
1.02146 1.03769 1.04919 1.05883 
1.01752 1.03329 1.04507 1.05381 
1.01161 1.02831 1.04066 1.05093 
1.00897 1.02745 1.04142 1.05220 
1.01020 1.02780 1.04119 1.05199 
1.00967 1.02730 1.04118 1.05177 
1.01006 1.02788 1.04088 1.05201 
1.01034 1.02834 1.04126 1.05174 
1.01056 1.02764 1.04132 1.05181 
1.01088 1.02803 1.04057 1.05143 
1.01081 1.02823 1.04162 1.05106 
1.01123 1.02899 1.04199 1.05149 
1.01097 1.02840 1.04227 1.05102 
1.01116 1.02847 1.04184 1.05121 
1.01188 1.02813 1.04180 1.05096 
1.01101 1.02904 1.04168 1.05137 
1.01132 1.02891 1.04163 1.05092 
1.01159 1.02860 1.04085 1.05033 
1.01087 1.02862 1.04120 1.05176 
1.01163 1.02804 1.04209 1.05128 
1.01092 1.02895 1.04178 1.05105 
