0.99116 1.00842 1.02580 1.04149 
0.99916 1.01438 1.03078 1.04462 
1.00276 1.01910 1.03394 1.04696 
1.00655 1.02275 1.03732 1.04941 
1.00956 1.02359 1.03792 1.04940 
1.01035 1.02517 1.03791 1.04976 
1.01227 1.02522 1.03897 1.04986 
1.01101 1.02609 1.03798 1.04953 
1.00998 1.02486 1.03830 1.04976 
1.01122 1.02548 1.03757 1.04862 
1.01060 1.02409 1.03789 1.04867 
1.01056 1.02536 1.03765 1.04801 
1.01035 1.02530 1.03820 1.04911 
1.00984 1.02533 1.03813 1.04817 
1.01050 1.02544 1.03855 1.04949 
1.01104 1.02334 1.03722 1.05018 
1.01105 1.02465 1.03729 1.04920 
1.00958 1.02514 1.03834 1.05020 
1.01041 1.02388 1.03746 1.04910 
1.01029 1.02539 1.03815 1.04924 
