1.00979 1.02311 1.03568 1.04703 
1.00754 1.02156 1.03460 1.04471 
1.00495 1.01876 1.03313 1.04350 
1.00373 1.01842 1.03195 1.04302 
1.00204 1.01638 1.03004 1.04109 
1.00084 1.01683 1.03141 1.04105 
1.00078 1.01549 1.02888 1.04111 
1.00173 1.01600 1.03144 1.04174 
1.00143 1.01615 1.03033 1.04210 
1.00267 1.01656 1.03089 1.04307 
1.00147 1.01641 1.03052 1.04223 
1.00060 1.01662 1.03040 1.04147 
1.00234 1.01608 1.03040 1.04157 
1.00188 1.01647 1.03146 1.04307 
1.00128 1.01660 1.03031 1.04233 
1.00195 1.01556 1.03034 1.04153 
1.00139 1.01712 1.02991 1.04262 
1.00205 1.01594 1.03213 1.04136 
1.00131 1.01658 1.02980 1.04343 
1.00199 1.01623 1.03061 1.04154 
