0.26139 0.68497 0.85714 0.93938 
0.80551 0.87126 0.92236 0.96371 
0.92360 0.95618 0.98227 1.00613 
0.97626 0.99995 1.01870 1.03636 
0.98967 1.00833 1.02396 1.03903 
0.99741 1.01277 1.02671 1.04081 
0.99916 1.01555 1.02852 1.04140 
0.99781 1.01300 1.02597 1.03764 
0.99586 1.01015 1.02463 1.03639 
0.99393 1.00893 1.02227 1.03404 
0.99195 1.00573 1.02100 1.03372 
0.99098 1.00498 1.02040 1.03271 
0.98873 1.00364 1.01851 1.03250 
0.99003 1.00514 1.02090 1.03239 
0.98923 1.00510 1.02091 1.03269 
0.98984 1.00534 1.02114 1.03315 
0.99098 1.00409 1.01974 1.03317 
0.98936 1.00693 1.02079 1.03230 
0.99148 1.00693 1.02063 1.03310 
0.98952 1.00627 1.02051 1.03258 
