0.26574 0.72391 0.91758 1.02787 
0.90159 0.96359 1.00321 1.03021 
1.01004 1.03246 1.04883 1.06320 
1.03653 1.05371 1.07106 1.07982 
1.04560 1.05751 1.06428 1.07250 
1.03817 1.04998 1.05775 1.06753 
1.03551 1.04998 1.06014 1.06958 
1.03811 1.05037 1.05912 1.06614 
1.03006 1.04466 1.05265 1.06000 
1.02454 1.03762 1.05068 1.05824 
1.01917 1.03187 1.04679 1.05140 
1.01052 1.02734 1.04200 1.05156 
1.00894 1.02960 1.04344 1.05352 
1.00905 1.02915 1.04130 1.05343 
1.01073 1.02890 1.04225 1.05147 
1.01101 1.02746 1.04177 1.05350 
1.00946 1.03002 1.04304 1.05273 
1.01065 1.02908 1.04227 1.05183 
1.01143 1.02935 1.04203 1.05225 
1.01094 1.02763 1.04284 1.05209 
1.01250 1.03199 1.04317 1.05051 
1.01152 1.02863 1.04196 1.05262 
1.01161 1.02996 1.04415 1.05076 
1.01222 1.02801 1.04321 1.05181 
1.01010 1.02884 1.04081 1.05260 
1.01163 1.02878 1.03873 1.05194 
1.01054 1.02893 1.04196 1.05155 
1.01190 1.03011 1.04234 1.05210 
1.01209 1.03216 1.04224 1.05219 
1.01276 1.02780 1.04295 1.05219 
1.01161 1.02718 1.04212 1.05107 
1.01088 1.03027 1.04358 1.05300 
1.01087 1.03041 1.04259 1.05233 
1.01121 1.03042 1.04380 1.05137 
1.01165 1.02853 1.04332 1.05196 
1.01263 1.03110 1.04174 1.05121 
1.01108 1.03042 1.04131 1.05285 
1.01349 1.02921 1.04212 1.05269 
1.01280 1.02690 1.04150 1.05358 
1.01222 1.03053 1.04161 1.05069 
